[gd_scene load_steps=15 format=2]

[ext_resource path="res://scenes/world/ground.tscn" type="PackedScene" id=1]
[ext_resource path="res://scenes/world/props/floating_crystal.tscn" type="PackedScene" id=2]
[ext_resource path="res://scripts/LevelHelper.cs" type="Script" id=3]
[ext_resource path="res://scenes/world/spawnpoint.tscn" type="PackedScene" id=4]
[ext_resource path="res://scenes/npcs/human.tscn" type="PackedScene" id=5]
[ext_resource path="res://scenes/world/test_cube_l.tscn" type="PackedScene" id=6]
[ext_resource path="res://scenes/world/floor.tscn" type="PackedScene" id=7]
[ext_resource path="res://audio/MX_Gameplay_LP1.wav" type="AudioStream" id=8]
[ext_resource path="res://scenes/world/wall.tscn" type="PackedScene" id=9]
[ext_resource path="res://art/3d/Tree01.tscn" type="PackedScene" id=10]
[ext_resource path="res://scenes/npcs/boss.tscn" type="PackedScene" id=11]

[sub_resource type="ProceduralSky" id=1]
sky_top_color = Color( 0, 0, 0, 1 )
sky_horizon_color = Color( 0, 0, 0, 1 )
ground_bottom_color = Color( 0, 0, 0, 1 )
ground_horizon_color = Color( 0, 0, 0, 1 )

[sub_resource type="Environment" id=2]
background_mode = 2
background_sky = SubResource( 1 )
ambient_light_color = Color( 0.0588235, 0.529412, 0.498039, 1 )
ambient_light_energy = 0.2
ambient_light_sky_contribution = 0.5
fog_enabled = true
fog_color = Color( 0.345098, 0.878431, 0.803922, 1 )
fog_sun_color = Color( 1, 1, 1, 1 )
fog_depth_begin = 30.0
fog_depth_end = 90.0
fog_depth_curve = 1.23115
tonemap_mode = 3
tonemap_white = 5.0

[sub_resource type="NavigationMesh" id=3]
vertices = PoolVector3Array( -79.25, 1.5, -29.5, -89.5, 1.5, -29.5, -89.5, 1.5, -22.25, -79.25, 1.5, -29.5, -89.5, 1.5, -22.25, -89.5, 1.5, -14.75, -89.5, 1.5, 0, -69.75, 1.5, 0, -69.75, 1.5, -0.75, -89.5, 1.5, 0, -69.75, 1.5, -0.75, -68.75, 1.5, -1, -89.5, 1.5, -7.5, -79.25, 1.5, -29.5, -89.5, 1.5, -14.75, -89.5, 1.5, -7.5, -68.75, 1.5, -1, -68.75, 1.5, -29.5, -51.25, 1.5, -20.5, -50, 1.5, -21, -50, 1.5, -29.5, -59.5, 1.5, -29.5, -68.75, 1.5, -1, -67.75, 1.5, -1, -55, 1.5, -4.75, -51.25, 1.5, -19.5, -59.5, 1.5, -29.5, -68.75, 1.5, -29.5, -67.75, 1.5, -1, -67.5, 1.5, 0, -55, 1.5, 0, -55, 1.5, -4.75, -51.25, 1.5, -19.5, -51.25, 1.5, -20.5, -59.5, 1.5, -29.5, -50, 1.5, -5, -50, 1.5, -19, -51.25, 1.5, -19.5, -55, 1.5, -4.75, -1, 1.5, -20.75, 0, 1.5, -21, 0, 1.5, -29.5, -6.25, 1.5, -29.5, -50, 1.5, -29.5, -50, 1.5, -21, -49, 1.5, -20.75, -43.75, 1.5, -29.5, -1, 1.5, -19.25, -12.5, 1.5, -29.5, -18.75, 1.5, -29.5, -4, 1.5, -4, 0, 1.5, -4, -1, 1.5, -19.25, -18.75, 1.5, -29.5, -25, 1.5, -29.5, -1, 1.5, -19.25, -1, 1.5, -20.75, -6.25, 1.5, -29.5, -12.5, 1.5, -29.5, -43.75, 1.5, -29.5, -49, 1.5, -20.75, -49, 1.5, -19.25, -37.5, 1.5, -29.5, -49, 1.5, -19.25, -50, 1.5, -19, -50, 1.5, -5, -49, 1.5, -19.25, -50, 1.5, -5, -46, 1.5, -5, -25, 1.5, -29.5, -31.25, 1.5, -29.5, 0, 1.5, -4, 0, 1.5, -19, -1, 1.5, -19.25, -45.75, 1.5, -1.75, -4.25, 1.5, -1.75, -4, 1.5, -4, -25, 1.5, -29.5, -46, 1.5, -5, -31.25, 1.5, -29.5, -37.5, 1.5, -29.5, -49, 1.5, -19.25, 20.75, 1.5, -1, 21, 1.5, 0, 29.5, 1.5, 0, 29.5, 1.5, -7.5, 0, 1.5, -29.5, 0, 1.5, -21, 1, 1.5, -20.75, 7.25, 1.5, -29.5, 29.5, 1.5, -22.25, 29.5, 1.5, -29.5, 22, 1.5, -29.5, 1, 1.5, -19.25, 0, 1.5, -19, 0, 1.5, -4, 4.75, 1.5, -4, 29.5, 1.5, -14.75, 29.5, 1.5, -22.25, 14.75, 1.5, -29.5, 1, 1.5, -19.25, 4.75, 1.5, -4, 19.25, 1.5, -1, 7.25, 1.5, -29.5, 1, 1.5, -20.75, 1, 1.5, -19.25, 14.75, 1.5, -29.5, 19.25, 1.5, -1, 20.75, 1.5, -1, 29.5, 1.5, -7.5, 29.5, 1.5, -14.75, 5, 1.5, 0, 19, 1.5, 0, 19.25, 1.5, -1, 4.75, 1.5, -4, 29.5, 1.5, -22.25, 22, 1.5, -29.5, 14.75, 1.5, -29.5, -54, 6.5, -4, -54, 6.5, 3.25, -46.75, 6.5, 3.25, -46.75, 6.5, -4, -53.75, 1.5, -3.75, -53.75, 1.5, 3, -47, 1.5, 3, -47, 1.5, -3.75, -3.25, 6.5, -3, -3.25, 6.5, 4.25, 4, 6.5, 4.25, 4, 6.5, -3, -3, 1.5, -2.75, -3, 1.5, 4, 3.75, 1.5, 4, 3.75, 1.5, -2.75, -45.75, 1.5, 2, -4.25, 1.5, 2, -4.25, 1.5, -1.75, -45.75, 1.5, -1.75, -69.5, 1.5, 1, -69.75, 1.5, 0, -89.5, 1.5, 0, -89.5, 1.5, 11, -67.25, 1.5, 21, -68, 1.5, 1, -69.5, 1.5, 1, -89.5, 1.5, 11, -89.5, 1.5, 22.25, -67.25, 1.5, 22.5, -55, 1.5, 0, -67.5, 1.5, 0, -67.5, 1.5, 0.75, -55, 1.5, 3.75, -55, 1.5, 0, -67.5, 1.5, 0.75, -68, 1.5, 1, -67.25, 1.5, 21, -58.5, 1.5, 20.75, 29.5, 1.5, 0, 21, 1.5, 0, 20.75, 1.5, 1, 29.5, 1.5, 10.75, 10, 1.5, 20.25, 10.25, 1.5, 22, 29.5, 1.5, 21.75, 29.5, 1.5, 10.75, 20.75, 1.5, 1, 19.25, 1.5, 1, 19.25, 1.5, 1, 19, 1.5, 0, 5, 1.5, 0, 19.25, 1.5, 1, 5, 1.5, 0, 5, 1.5, 5, 10, 1.5, 20.25, 29.5, 1.5, 21.75, 29.5, 1.5, 10.75, 5, 1.5, 5, 3, 1.5, 5.25, 3, 1.5, 20.25, 10, 1.5, 20.25, 1.25, 1.5, 20.25, 3, 1.5, 20.25, 3, 1.5, 5.25, 1, 1.5, 20.75, 1.25, 1.5, 20.25, 3, 1.5, 5.25, -4, 1.5, 5.25, -46.25, 1.5, 4.25, 1, 1.5, 20.75, -4, 1.5, 5.25, -45.75, 1.5, 4, -4.25, 1.5, 2, -45.75, 1.5, 2, -45.75, 1.5, 4, -4, 1.5, 5.25, -58.5, 1.5, 20.75, -58, 1.5, 21.25, -54.5, 1.5, 4.25, -55, 1.5, 3.75, -46.25, 1.5, 4.25, -54.5, 1.5, 4.25, -58, 1.5, 21.25, -58, 1.5, 29.5, -8, 1.5, 51.5, 0.5, 1.5, 51.5, 1, 1.5, 29.25, -58, 1.5, 29.5, -53.5, 1.5, 51, -45, 1.5, 51, -44.75, 1.5, 53.75, -8.25, 1.5, 53.75, -8, 1.5, 51.5, -45, 1.5, 51, -8, 1.5, 51.5, 1, 1.5, 29.25, 1, 1.5, 20.75, -46.25, 1.5, 4.25, -58, 1.5, 29.5, -45, 1.5, 51, 2, 6.5, 21.25, 2, 6.5, 28.5, 9.25, 6.5, 28.5, 9.25, 6.5, 21.25, 2.25, 1.5, 21.5, 2.25, 1.5, 28.25, 9, 1.5, 28.25, 9, 1.5, 21.5, -66.25, 6.5, 21.75, -66.25, 6.5, 29, -59, 6.5, 29, -59, 6.5, 21.75, 10.25, 1.5, 22, 10.25, 1.5, 27.75, 29.5, 1.5, 28, 29.5, 1.5, 21.75, -66, 1.5, 22, -66, 1.5, 28.75, -59.25, 1.5, 28.75, -59.25, 1.5, 22, -89.5, 1.5, 28.5, -67.25, 1.5, 28.25, -67.25, 1.5, 22.5, -89.5, 1.5, 22.25, 20.75, 1.5, 54.25, 21, 1.5, 55.25, 29.5, 1.5, 55.25, 29.5, 1.5, 48.25, 0.5, 1.5, 51.5, 1, 1.5, 51.75, 19.25, 1.5, 54.25, 19.25, 1.5, 54.25, 20.75, 1.5, 54.25, 29.5, 1.5, 48.25, 29.5, 1.5, 41.5, 29.5, 1.5, 28, 10.25, 1.5, 27.75, 10, 1.5, 29.5, 29.5, 1.5, 34.75, 1, 1.5, 55.25, 19, 1.5, 55.25, 19.25, 1.5, 54.25, 1, 1.5, 51.75, 19.25, 1.5, 54.25, 29.5, 1.5, 41.5, 29.5, 1.5, 34.75, 10, 1.5, 29.5, 1, 1.5, 29.25, 0.5, 1.5, 51.5, -89.5, 1.5, 55.25, -68, 1.5, 55.25, -67.75, 1.5, 54.25, -89.5, 1.5, 48.5, -67.25, 1.5, 29.75, -67.25, 1.5, 28.25, -89.5, 1.5, 28.5, -89.5, 1.5, 35, -89.5, 1.5, 48.5, -67.75, 1.5, 54.25, -66.75, 1.5, 54.25, -66.5, 1.5, 30, -89.5, 1.5, 41.75, -66.5, 1.5, 30, -67.25, 1.5, 29.75, -89.5, 1.5, 35, -89.5, 1.5, 41.75, -58.5, 1.5, 30, -54, 1.5, 51.5, -53.5, 1.5, 51, -58, 1.5, 29.5, -66, 1.5, 54.5, -66, 1.5, 55.25, -54, 1.5, 55.25, -66, 1.5, 54.5, -54, 1.5, 55.25, -54, 1.5, 51.5, -58.5, 1.5, 30, -66.5, 1.5, 30, -66.75, 1.5, 54.25, -53, 6.5, 52, -53, 6.5, 59.25, -45.75, 6.5, 59.25, -45.75, 6.5, 52, -52.75, 1.5, 52.25, -52.75, 1.5, 59, -46, 1.5, 59, -46, 1.5, 52.25, -7.25, 6.5, 52.5, -7.25, 6.5, 59.75, 0, 6.5, 59.75, 0, 6.5, 52.5, -7, 1.5, 52.75, -7, 1.5, 59.5, -0.25, 1.5, 59.5, -0.25, 1.5, 52.75, -44.75, 1.5, 58, -8.25, 1.5, 58, -8.25, 1.5, 53.75, -44.75, 1.5, 53.75, -89.5, 1.5, 80.75, -89.5, 1.5, 89.5, -78.25, 1.5, 89.5, -89.5, 1.5, 72.25, -89.5, 1.5, 80.75, -78.25, 1.5, 89.5, -68, 1.5, 56, -68, 1.5, 55.25, -89.5, 1.5, 55.25, -67, 1.5, 56.25, -68, 1.5, 56, -89.5, 1.5, 55.25, -89.5, 1.5, 63.75, -67, 1.5, 56.25, -89.5, 1.5, 63.75, -89.5, 1.5, 72.25, -78.25, 1.5, 89.5, -67, 1.5, 89.5, -49.25, 1.5, 89.5, -49.25, 1.5, 80, -50.25, 1.5, 79.75, -58.25, 1.5, 89.5, -54, 1.5, 55.25, -66, 1.5, 55.25, -66.25, 1.5, 56.25, -54, 1.5, 60, -58.25, 1.5, 89.5, -50.25, 1.5, 79.75, -50.25, 1.5, 78.25, -54, 1.5, 60, -67, 1.5, 56.25, -67, 1.5, 89.5, -50.25, 1.5, 78.25, -49.25, 1.5, 77.75, -49.25, 1.5, 60.25, -54, 1.5, 60, -54, 1.5, 60, -66.25, 1.5, 56.25, -67, 1.5, 56.25, 29.5, 1.5, 55.25, 21, 1.5, 55.25, 20.75, 1.5, 56.25, 29.5, 1.5, 63.75, 1, 1.5, 79.75, 0, 1.5, 80, 0, 1.5, 89.5, 7.25, 1.5, 89.5, 22, 1.5, 89.5, 29.5, 1.5, 89.5, 29.5, 1.5, 80.75, 19.25, 1.5, 56.25, 19, 1.5, 55.25, 1, 1.5, 55.25, 1, 1.5, 60.5, 14.75, 1.5, 89.5, 29.5, 1.5, 80.75, 29.5, 1.5, 72.25, 19.25, 1.5, 56.25, 1, 1.5, 60.5, 1, 1.5, 78.25, 29.5, 1.5, 63.75, 20.75, 1.5, 56.25, 19.25, 1.5, 56.25, 29.5, 1.5, 72.25, 1, 1.5, 78.25, 1, 1.5, 79.75, 7.25, 1.5, 89.5, 14.75, 1.5, 89.5, 14.75, 1.5, 89.5, 22, 1.5, 89.5, 29.5, 1.5, 80.75, 1, 1.5, 60.5, 0, 1.5, 60.75, 0, 1.5, 77.75, 1, 1.5, 78.25, -48.25, 1.5, 79.75, -49.25, 1.5, 80, -49.25, 1.5, 89.5, -43.25, 1.5, 89.5, 0, 1.5, 89.5, 0, 1.5, 80, -1, 1.5, 79.75, -6.25, 1.5, 89.5, -48.25, 1.5, 78.25, -37, 1.5, 89.5, -31, 1.5, 89.5, -1, 1.5, 78.25, 0, 1.5, 60.75, -8, 1.5, 60.75, -24.75, 1.5, 89.5, -18.75, 1.5, 89.5, -48.25, 1.5, 78.25, -48.25, 1.5, 79.75, -43.25, 1.5, 89.5, -37, 1.5, 89.5, -6.25, 1.5, 89.5, -1, 1.5, 79.75, -1, 1.5, 78.25, -12.5, 1.5, 89.5, -18.75, 1.5, 89.5, -12.5, 1.5, 89.5, -1, 1.5, 78.25, -48.25, 1.5, 78.25, -31, 1.5, 89.5, -24.75, 1.5, 89.5, -45, 1.5, 60.25, -1, 1.5, 78.25, 0, 1.5, 77.75, 0, 1.5, 60.75, -45, 1.5, 60.25, -49.25, 1.5, 60.25, -49.25, 1.5, 77.75, -48.25, 1.5, 78.25, -24.75, 1.5, 89.5, -8, 1.5, 60.75, -8.25, 1.5, 58, -44.75, 1.5, 58, -45, 1.5, 60.25 )
polygons = [ PoolIntArray( 2, 1, 0 ), PoolIntArray( 5, 4, 3 ), PoolIntArray( 8, 7, 6 ), PoolIntArray( 10, 9, 11 ), PoolIntArray( 11, 9, 12 ), PoolIntArray( 14, 13, 15 ), PoolIntArray( 15, 13, 17 ), PoolIntArray( 15, 17, 16 ), PoolIntArray( 19, 18, 20 ), PoolIntArray( 20, 18, 21 ), PoolIntArray( 23, 22, 24 ), PoolIntArray( 24, 22, 25 ), PoolIntArray( 25, 22, 26 ), PoolIntArray( 26, 22, 27 ), PoolIntArray( 29, 28, 30 ), PoolIntArray( 30, 28, 31 ), PoolIntArray( 34, 33, 32 ), PoolIntArray( 36, 35, 37 ), PoolIntArray( 37, 35, 38 ), PoolIntArray( 40, 39, 41 ), PoolIntArray( 41, 39, 42 ), PoolIntArray( 44, 43, 45 ), PoolIntArray( 45, 43, 46 ), PoolIntArray( 49, 48, 47 ), PoolIntArray( 51, 50, 52 ), PoolIntArray( 52, 50, 53 ), PoolIntArray( 53, 50, 54 ), PoolIntArray( 56, 55, 57 ), PoolIntArray( 57, 55, 58 ), PoolIntArray( 60, 59, 61 ), PoolIntArray( 61, 59, 62 ), PoolIntArray( 63, 65, 64 ), PoolIntArray( 67, 66, 68 ), PoolIntArray( 68, 66, 70 ), PoolIntArray( 68, 70, 69 ), PoolIntArray( 73, 72, 71 ), PoolIntArray( 76, 75, 77 ), PoolIntArray( 77, 75, 78 ), PoolIntArray( 78, 75, 74 ), PoolIntArray( 81, 80, 79 ), PoolIntArray( 83, 82, 84 ), PoolIntArray( 84, 82, 85 ), PoolIntArray( 87, 86, 88 ), PoolIntArray( 88, 86, 89 ), PoolIntArray( 92, 91, 90 ), PoolIntArray( 94, 93, 95 ), PoolIntArray( 95, 93, 96 ), PoolIntArray( 98, 97, 99 ), PoolIntArray( 99, 97, 102 ), PoolIntArray( 99, 102, 101 ), PoolIntArray( 99, 101, 100 ), PoolIntArray( 104, 103, 105 ), PoolIntArray( 105, 103, 106 ), PoolIntArray( 108, 107, 109 ), PoolIntArray( 109, 107, 110 ), PoolIntArray( 112, 111, 113 ), PoolIntArray( 113, 111, 114 ), PoolIntArray( 117, 116, 115 ), PoolIntArray( 121, 120, 118 ), PoolIntArray( 118, 120, 119 ), PoolIntArray( 125, 124, 122 ), PoolIntArray( 122, 124, 123 ), PoolIntArray( 129, 128, 126 ), PoolIntArray( 126, 128, 127 ), PoolIntArray( 133, 132, 130 ), PoolIntArray( 130, 132, 131 ), PoolIntArray( 137, 136, 134 ), PoolIntArray( 134, 136, 135 ), PoolIntArray( 139, 138, 140 ), PoolIntArray( 140, 138, 141 ), PoolIntArray( 143, 142, 144 ), PoolIntArray( 144, 142, 147 ), PoolIntArray( 144, 147, 145 ), PoolIntArray( 145, 147, 146 ), PoolIntArray( 150, 149, 148 ), PoolIntArray( 153, 152, 154 ), PoolIntArray( 154, 152, 151 ), PoolIntArray( 154, 151, 156 ), PoolIntArray( 154, 156, 155 ), PoolIntArray( 158, 157, 159 ), PoolIntArray( 159, 157, 160 ), PoolIntArray( 163, 162, 161 ), PoolIntArray( 166, 165, 164 ), PoolIntArray( 167, 169, 168 ), PoolIntArray( 171, 170, 172 ), PoolIntArray( 172, 170, 173 ), PoolIntArray( 173, 170, 175 ), PoolIntArray( 173, 175, 174 ), PoolIntArray( 177, 176, 178 ), PoolIntArray( 178, 176, 179 ), PoolIntArray( 182, 181, 180 ), PoolIntArray( 184, 183, 185 ), PoolIntArray( 185, 183, 186 ), PoolIntArray( 190, 189, 187 ), PoolIntArray( 187, 189, 188 ), PoolIntArray( 192, 191, 193 ), PoolIntArray( 193, 191, 194 ), PoolIntArray( 198, 197, 195 ), PoolIntArray( 195, 197, 196 ), PoolIntArray( 200, 199, 201 ), PoolIntArray( 201, 199, 202 ), PoolIntArray( 205, 204, 203 ), PoolIntArray( 208, 207, 206 ), PoolIntArray( 210, 209, 211 ), PoolIntArray( 211, 209, 212 ), PoolIntArray( 214, 213, 215 ), PoolIntArray( 215, 213, 218 ), PoolIntArray( 215, 218, 217 ), PoolIntArray( 215, 217, 216 ), PoolIntArray( 222, 221, 219 ), PoolIntArray( 219, 221, 220 ), PoolIntArray( 226, 225, 223 ), PoolIntArray( 223, 225, 224 ), PoolIntArray( 230, 229, 227 ), PoolIntArray( 227, 229, 228 ), PoolIntArray( 231, 234, 232 ), PoolIntArray( 232, 234, 233 ), PoolIntArray( 238, 237, 235 ), PoolIntArray( 235, 237, 236 ), PoolIntArray( 240, 239, 241 ), PoolIntArray( 241, 239, 242 ), PoolIntArray( 244, 243, 245 ), PoolIntArray( 245, 243, 246 ), PoolIntArray( 247, 249, 248 ), PoolIntArray( 251, 250, 252 ), PoolIntArray( 252, 250, 253 ), PoolIntArray( 255, 254, 256 ), PoolIntArray( 256, 254, 257 ), PoolIntArray( 259, 258, 260 ), PoolIntArray( 260, 258, 261 ), PoolIntArray( 263, 262, 264 ), PoolIntArray( 264, 262, 265 ), PoolIntArray( 265, 262, 266 ), PoolIntArray( 266, 262, 267 ), PoolIntArray( 269, 268, 270 ), PoolIntArray( 270, 268, 271 ), PoolIntArray( 273, 272, 274 ), PoolIntArray( 274, 272, 275 ), PoolIntArray( 277, 276, 278 ), PoolIntArray( 278, 276, 280 ), PoolIntArray( 278, 280, 279 ), PoolIntArray( 282, 281, 283 ), PoolIntArray( 283, 281, 284 ), PoolIntArray( 288, 287, 285 ), PoolIntArray( 285, 287, 286 ), PoolIntArray( 291, 290, 289 ), PoolIntArray( 292, 297, 293 ), PoolIntArray( 293, 297, 294 ), PoolIntArray( 294, 297, 295 ), PoolIntArray( 295, 297, 296 ), PoolIntArray( 301, 300, 298 ), PoolIntArray( 298, 300, 299 ), PoolIntArray( 305, 304, 302 ), PoolIntArray( 302, 304, 303 ), PoolIntArray( 309, 308, 306 ), PoolIntArray( 306, 308, 307 ), PoolIntArray( 313, 312, 310 ), PoolIntArray( 310, 312, 311 ), PoolIntArray( 317, 316, 314 ), PoolIntArray( 314, 316, 315 ), PoolIntArray( 320, 319, 318 ), PoolIntArray( 323, 322, 321 ), PoolIntArray( 326, 325, 324 ), PoolIntArray( 328, 327, 329 ), PoolIntArray( 329, 327, 330 ), PoolIntArray( 333, 332, 334 ), PoolIntArray( 334, 332, 335 ), PoolIntArray( 335, 332, 331 ), PoolIntArray( 337, 336, 338 ), PoolIntArray( 338, 336, 339 ), PoolIntArray( 341, 340, 342 ), PoolIntArray( 342, 340, 343 ), PoolIntArray( 345, 344, 346 ), PoolIntArray( 346, 344, 349 ), PoolIntArray( 346, 349, 347 ), PoolIntArray( 347, 349, 348 ), PoolIntArray( 351, 350, 352 ), PoolIntArray( 352, 350, 353 ), PoolIntArray( 356, 355, 354 ), PoolIntArray( 358, 357, 359 ), PoolIntArray( 359, 357, 360 ), PoolIntArray( 362, 361, 363 ), PoolIntArray( 363, 361, 364 ), PoolIntArray( 367, 366, 365 ), PoolIntArray( 369, 368, 370 ), PoolIntArray( 370, 368, 371 ), PoolIntArray( 373, 372, 374 ), PoolIntArray( 374, 372, 377 ), PoolIntArray( 374, 377, 375 ), PoolIntArray( 375, 377, 376 ), PoolIntArray( 379, 378, 380 ), PoolIntArray( 380, 378, 381 ), PoolIntArray( 383, 382, 384 ), PoolIntArray( 384, 382, 385 ), PoolIntArray( 387, 386, 388 ), PoolIntArray( 390, 389, 391 ), PoolIntArray( 391, 389, 392 ), PoolIntArray( 394, 393, 395 ), PoolIntArray( 395, 393, 396 ), PoolIntArray( 398, 397, 399 ), PoolIntArray( 399, 397, 400 ), PoolIntArray( 403, 402, 401 ), PoolIntArray( 405, 404, 406 ), PoolIntArray( 406, 404, 408 ), PoolIntArray( 406, 408, 407 ), PoolIntArray( 410, 409, 411 ), PoolIntArray( 411, 409, 412 ), PoolIntArray( 414, 413, 415 ), PoolIntArray( 415, 413, 416 ), PoolIntArray( 419, 418, 417 ), PoolIntArray( 421, 420, 422 ), PoolIntArray( 422, 420, 423 ), PoolIntArray( 426, 425, 424 ), PoolIntArray( 429, 428, 430 ), PoolIntArray( 430, 428, 427 ), PoolIntArray( 432, 431, 433 ), PoolIntArray( 433, 431, 435 ), PoolIntArray( 433, 435, 434 ) ]

[node name="Main" type="Spatial"]
script = ExtResource( 3 )
_enemiesToSpawn = 30
_enemySpawnTag = "human"
_humanScene = ExtResource( 5 )
_bossSpawnTag = "boss"
_bossScene = ExtResource( 11 )

[node name="WorldEnvironment" type="WorldEnvironment" parent="."]
environment = SubResource( 2 )

[node name="DirectionalLight" type="DirectionalLight" parent="."]
transform = Transform( 0.841204, -0.482065, 0.244928, 0.0590389, 0.532145, 0.844592, -0.537486, -0.696014, 0.476103, -21.6901, 10, -12.9998 )
light_color = Color( 0.515625, 0.605324, 1, 1 )
shadow_enabled = true

[node name="World" type="Spatial" parent="."]

[node name="NavigationMeshInstance" type="NavigationMeshInstance" parent="World"]
navmesh = SubResource( 3 )

[node name="Test Cube Large6" parent="World/NavigationMeshInstance" instance=ExtResource( 6 )]
transform = Transform( 4, 0, 0, 0, 4, 0, 0, 0, 4, 5.74192, 2, 24.8614 )

[node name="Ground" parent="World/NavigationMeshInstance" instance=ExtResource( 1 )]
transform = Transform( 60, 0, 0, 0, 1, 0, 0, 0, 60, -30, 0, 30 )

[node name="floating_crystal5" parent="World/NavigationMeshInstance" instance=ExtResource( 2 )]
transform = Transform( 1, 0, 0, 0, 1, 0, 0, 0, 1, -66.9821, 1.5, 55.2607 )

[node name="floating_crystal6" parent="World/NavigationMeshInstance" instance=ExtResource( 2 )]
transform = Transform( 1, 0, 0, 0, 1, 0, 0, 0, 1, 20, 1.5, 55.2607 )

[node name="Test Cube Large" parent="World/NavigationMeshInstance" instance=ExtResource( 6 )]
transform = Transform( 4, 0, 0, 0, 4, 0, 0, 0, 4, -3.57187, 2, 56.1412 )

[node name="Test Cube Large2" parent="World/NavigationMeshInstance" instance=ExtResource( 6 )]
transform = Transform( 4, 0, 0, 0, 4, 0, 0, 0, 4, 0.429062, 2, 0.690964 )

[node name="Test Cube Large3" parent="World/NavigationMeshInstance" instance=ExtResource( 6 )]
transform = Transform( 4, 0, 0, 0, 4, 0, 0, 0, 4, -49.4042, 2, 55.6898 )

[node name="Test Cube Large4" parent="World/NavigationMeshInstance" instance=ExtResource( 6 )]
transform = Transform( 4, 0, 0, 0, 4, 0, 0, 0, 4, -62.6874, 2, 25.4998 )

[node name="Test Cube Large5" parent="World/NavigationMeshInstance" instance=ExtResource( 6 )]
transform = Transform( 4, 0, 0, 0, 4, 0, 0, 0, 4, -50.4518, 2, -0.356627 )

[node name="floating_crystal1" parent="World/NavigationMeshInstance" instance=ExtResource( 2 )]
transform = Transform( 1, 0, 0, 0, 1, 0, 0, 0, 1, -68.6489, 1.5, 0 )

[node name="floating_crystal2" parent="World/NavigationMeshInstance" instance=ExtResource( 2 )]
transform = Transform( 1, 0, 0, 0, 1, 0, 0, 0, 1, -50.0228, 1.5, -20 )

[node name="floating_crystal3" parent="World/NavigationMeshInstance" instance=ExtResource( 2 )]
transform = Transform( 1, 0, 0, 0, 1, 0, 0, 0, 1, -49.237, 1.5, 78.9273 )

[node name="floating_crystal4" parent="World/NavigationMeshInstance" instance=ExtResource( 2 )]
transform = Transform( 1, 0, 0, 0, 1, 0, 0, 0, 1, 20, 1.5, 0 )

[node name="floating_crystal7" parent="World/NavigationMeshInstance" instance=ExtResource( 2 )]
transform = Transform( 1, 0, 0, 0, 1, 0, 0, 0, 1, 0, 1.5, -20 )

[node name="floating_crystal8" parent="World/NavigationMeshInstance" instance=ExtResource( 2 )]
transform = Transform( 1, 0, 0, 0, 1, 0, 0, 0, 1, 0, 1.5, 78.9273 )

[node name="Border" type="Spatial" parent="World/NavigationMeshInstance"]

[node name="Wall2" parent="World/NavigationMeshInstance/Border" instance=ExtResource( 9 )]
transform = Transform( 60, 0, 0, 0, 10, 0, 0, 0, 1, -30, 10, 89.6241 )

[node name="Wall3" parent="World/NavigationMeshInstance/Border" instance=ExtResource( 9 )]
transform = Transform( -2.62268e-06, 0, 1, 0, 10, 0, -60, 0, -4.37114e-08, -83.443, 10, 30 )

[node name="Wall4" parent="World/NavigationMeshInstance/Border" instance=ExtResource( 9 )]
transform = Transform( -2.62268e-06, 0, 1, 0, 10, 0, -60, 0, -4.37114e-08, 30, 10, 30 )

[node name="Wall" parent="World/NavigationMeshInstance/Border" instance=ExtResource( 9 )]
transform = Transform( 60, 0, 0, 0, 10, 0, 0, 0, 1, -30, 10, -30 )

[node name="Tien\'s Test Junk" type="Spatial" parent="World"]

[node name="Floor Tile 01" parent="World/Tien\'s Test Junk" instance=ExtResource( 7 )]
transform = Transform( 1, 0, 0, 0, 1, 0, 0, 0, 1, -10, 1.1, -10 )

[node name="Floor Tile 02" parent="World/Tien\'s Test Junk" instance=ExtResource( 7 )]
transform = Transform( 1, 0, 0, 0, 1, 0, 0, 0, 1, -70, 1.1, -10 )

[node name="Floor Tile 03" parent="World/Tien\'s Test Junk" instance=ExtResource( 7 )]
transform = Transform( 1, 0, 0, 0, 1, 0, 0, 0, 1, -70, 1.1, 50 )

[node name="Floor Tile 04" parent="World/Tien\'s Test Junk" instance=ExtResource( 7 )]
transform = Transform( 1, 0, 0, 0, 1, 0, 0, 0, 1, -10, 1.1, 50 )

[node name="Floor Tile 05" parent="World/Tien\'s Test Junk" instance=ExtResource( 7 )]
transform = Transform( 1, 0, 0, 0, 1, 0, 0, 0, 1, -10.3813, 1.1, -69.61 )

[node name="Floor Tile 06" parent="World/Tien\'s Test Junk" instance=ExtResource( 7 )]
transform = Transform( 1, 0, 0, 0, 1, 0, 0, 0, 1, -70, 1.1, -70 )

[node name="Floor Tile 07" parent="World/Tien\'s Test Junk" instance=ExtResource( 7 )]
transform = Transform( 1, 0, 0, 0, 1, 0, 0, 0, 1, -10, 1.1, 110 )

[node name="Floor Tile 08" parent="World/Tien\'s Test Junk" instance=ExtResource( 7 )]
transform = Transform( 1, 0, 0, 0, 1, 0, 0, 0, 1, -70, 1.1, 110 )

[node name="Floor Tile 09" parent="World/Tien\'s Test Junk" instance=ExtResource( 7 )]
transform = Transform( 1, 0, 0, 0, 1, 0, 0, 0, 1, -130, 1.1, 110 )

[node name="Floor Tile 10" parent="World/Tien\'s Test Junk" instance=ExtResource( 7 )]
transform = Transform( 1, 0, 0, 0, 1, 0, 0, 0, 1, -130, 1.1, -10 )

[node name="Floor Tile 11" parent="World/Tien\'s Test Junk" instance=ExtResource( 7 )]
transform = Transform( 1, 0, 0, 0, 1, 0, 0, 0, 1, -130, 1.1, 50 )

[node name="Floor Tile 12" parent="World/Tien\'s Test Junk" instance=ExtResource( 7 )]
transform = Transform( 1, 0, 0, 0, 1, 0, 0, 0, 1, -130, 1.1, -70 )

[node name="Floor Tile 13" parent="World/Tien\'s Test Junk" instance=ExtResource( 7 )]
transform = Transform( 1, 0, 0, 0, 1, 0, 0, 0, 1, 49.3627, -22.2437, -10 )

[node name="Floor Tile 14" parent="World/Tien\'s Test Junk" instance=ExtResource( 7 )]
transform = Transform( 1, 0, 0, 0, 1, 0, 0, 0, 1, 49.3627, -22.2437, 50 )

[node name="Tree01" parent="World/Tien\'s Test Junk" instance=ExtResource( 10 )]
transform = Transform( 0.707107, 0, -0.707107, 0, 1, 0, 0.707107, 0, 0.707107, 9.63085, 0, -88.0464 )

[node name="Tree02" parent="World/Tien\'s Test Junk" instance=ExtResource( 10 )]
transform = Transform( 0.707107, 0, -0.707107, 0, 1, 0, 0.707107, 0, 0.707107, 14.1519, 0, -70.1728 )

[node name="Tree03" parent="World/Tien\'s Test Junk" instance=ExtResource( 10 )]
transform = Transform( 0.707107, 0, -0.707107, 0, 1, 0, 0.707107, 0, 0.707107, 20.1201, 0, -83.5177 )

[node name="Tree04" parent="World/Tien\'s Test Junk" instance=ExtResource( 10 )]
transform = Transform( 0.707107, 0, -0.707107, 0, 1, 0, 0.707107, 0, 0.707107, 24.6412, 0, -65.6441 )

[node name="Tree05" parent="World/Tien\'s Test Junk" instance=ExtResource( 10 )]
transform = Transform( 0.707107, 0, -0.707107, 0, 1, 0, 0.707107, 0, 0.707107, 11.0196, -3.8147e-06, -58.6892 )

[node name="Tree06" parent="World/Tien\'s Test Junk" instance=ExtResource( 10 )]
transform = Transform( 0.707107, 0, -0.707107, 0, 1, 0, 0.707107, 0, 0.707107, 15.5407, -3.8147e-06, -40.8156 )

[node name="Tree07" parent="World/Tien\'s Test Junk" instance=ExtResource( 10 )]
transform = Transform( 0.707107, 0, -0.707107, 0, 1, 0, 0.707107, 0, 0.707107, 21.5088, -3.8147e-06, -54.1604 )

[node name="Tree08" parent="World/Tien\'s Test Junk" instance=ExtResource( 10 )]
transform = Transform( 0.707107, 0, -0.707107, 0, 1, 0, 0.707107, 0, 0.707107, 26.0299, -3.8147e-06, -36.2868 )

[node name="Tree17" parent="World/Tien\'s Test Junk" instance=ExtResource( 10 )]
transform = Transform( 0.896657, 0, -0.442727, 0, 1, 0, 0.442727, 0, 0.896657, 8.49907, -7.62939e-06, -28.938 )

[node name="Tree18" parent="World/Tien\'s Test Junk" instance=ExtResource( 10 )]
transform = Transform( 0.896657, 0, -0.442727, 0, 1, 0, 0.442727, 0, 0.896657, -6.21649, -7.62939e-06, -31.0044 )

[node name="Tree19" parent="World/Tien\'s Test Junk" instance=ExtResource( 10 )]
transform = Transform( 0.896657, 0, -0.442727, 0, 1, 0, 0.442727, 0, 0.896657, -8.06806, 0, -79.9801 )

[node name="Tree20" parent="World/Tien\'s Test Junk" instance=ExtResource( 10 )]
transform = Transform( 0.896657, 0, -0.442727, 0, 1, 0, 0.442727, 0, 0.896657, 1.95082, 0, -64.5034 )

[node name="Tree21" parent="World/Tien\'s Test Junk" instance=ExtResource( 10 )]
transform = Transform( 0.896657, 0, -0.442727, 0, 1, 0, 0.442727, 0, 0.896657, -8.71766, -3.8147e-06, -53.5443 )

[node name="Tree22" parent="World/Tien\'s Test Junk" instance=ExtResource( 10 )]
transform = Transform( 0.896657, 0, -0.442727, 0, 1, 0, 0.442727, 0, 0.896657, 1.30122, -3.8147e-06, -38.0676 )

[node name="Tree23" parent="World/Tien\'s Test Junk" instance=ExtResource( 10 )]
transform = Transform( 0.896657, 0, -0.442727, 0, 1, 0, 0.442727, 0, 0.896657, 2.67016, -3.8147e-06, -52.6219 )

[node name="Tree24" parent="World/Tien\'s Test Junk" instance=ExtResource( 10 )]
transform = Transform( 0.896657, 0, -0.442727, 0, 1, 0, 0.442727, 0, 0.896657, 12.689, -3.8147e-06, -37.1452 )

[node name="Tree25" parent="World/Tien\'s Test Junk" instance=ExtResource( 10 )]
transform = Transform( -0.882718, 0, -0.469903, 0, 1, 0, 0.469903, 0, -0.882718, -14.9834, 7.62939e-06, -37.5722 )

[node name="Tree26" parent="World/Tien\'s Test Junk" instance=ExtResource( 10 )]
transform = Transform( -0.882718, 0, -0.469903, 0, 1, 0, 0.469903, 0, -0.882718, -33.3982, 7.62939e-06, -38.4654 )

[node name="Tree27" parent="World/Tien\'s Test Junk" instance=ExtResource( 10 )]
transform = Transform( -0.882718, 0, -0.469903, 0, 1, 0, 0.469903, 0, -0.882718, -22.3767, 7.62939e-06, -28.8617 )

[node name="Tree28" parent="World/Tien\'s Test Junk" instance=ExtResource( 10 )]
transform = Transform( -0.882718, 0, -0.469903, 0, 1, 0, 0.469903, 0, -0.882718, -40.7916, 7.62939e-06, -29.7549 )

[node name="Tree29" parent="World/Tien\'s Test Junk" instance=ExtResource( 10 )]
transform = Transform( -0.882718, 0, -0.469903, 0, 1, 0, 0.469903, 0, -0.882718, -43.4674, 3.81469e-06, -44.8134 )

[node name="Tree30" parent="World/Tien\'s Test Junk" instance=ExtResource( 10 )]
transform = Transform( -0.882718, 0, -0.469903, 0, 1, 0, 0.469903, 0, -0.882718, -61.8823, 3.81469e-06, -45.7065 )

[node name="Tree31" parent="World/Tien\'s Test Junk" instance=ExtResource( 10 )]
transform = Transform( -0.882718, 0, -0.469903, 0, 1, 0, 0.469903, 0, -0.882718, -50.8608, 3.81469e-06, -36.103 )

[node name="Tree32" parent="World/Tien\'s Test Junk" instance=ExtResource( 10 )]
transform = Transform( -0.882718, 0, -0.469903, 0, 1, 0, 0.469903, 0, -0.882718, -69.2757, 3.81469e-06, -36.9962 )

[node name="Floor Tile 15" parent="World/Tien\'s Test Junk" instance=ExtResource( 7 )]
transform = Transform( 1, 0, 0, 0, 1, 0, 0, 0, 1, 49.363, -22.244, 110 )

[node name="Floor Tile 16" parent="World/Tien\'s Test Junk" instance=ExtResource( 7 )]
transform = Transform( 1, 0, 0, 0, 1, 0, 0, 0, 1, 50, -22.244, -70 )

[node name="West Trees 02" type="Spatial" parent="World/Tien\'s Test Junk"]
transform = Transform( 1, 0, 0, 0, 1, 0, 0, 0, 1, -105.022, 2.7011, 53.6893 )

[node name="Tree09" parent="World/Tien\'s Test Junk/West Trees 02" instance=ExtResource( 10 )]
transform = Transform( 0.707107, 0, -0.707107, 0, 1, 0, 0.707107, 0, 0.707107, -27.5205, -3.55983, -21.4908 )

[node name="Tree10" parent="World/Tien\'s Test Junk/West Trees 02" instance=ExtResource( 10 )]
transform = Transform( 0.707107, 0, -0.707107, 0, 1, 0, 0.707107, 0, 0.707107, -22.9994, -3.55983, -3.61721 )

[node name="Tree11" parent="World/Tien\'s Test Junk/West Trees 02" instance=ExtResource( 10 )]
transform = Transform( 0.707107, 0, -0.707107, 0, 1, 0, 0.707107, 0, 0.707107, -17.0312, -3.55983, -16.9621 )

[node name="Tree12" parent="World/Tien\'s Test Junk/West Trees 02" instance=ExtResource( 10 )]
transform = Transform( 0.707107, 0, -0.707107, 0, 1, 0, 0.707107, 0, 0.707107, -12.5101, -3.55983, 0.911552 )

[node name="Tree13" parent="World/Tien\'s Test Junk/West Trees 02" instance=ExtResource( 10 )]
transform = Transform( 0.707107, 0, -0.707107, 0, 1, 0, 0.707107, 0, 0.707107, -26.1317, -3.55983, 7.86643 )

[node name="Tree14" parent="World/Tien\'s Test Junk/West Trees 02" instance=ExtResource( 10 )]
transform = Transform( 0.707107, 0, -0.707107, 0, 1, 0, 0.707107, 0, 0.707107, -21.6106, -3.55983, 25.74 )

[node name="Tree15" parent="World/Tien\'s Test Junk/West Trees 02" instance=ExtResource( 10 )]
transform = Transform( 0.707107, 0, -0.707107, 0, 1, 0, 0.707107, 0, 0.707107, -15.6425, -3.55983, 12.3952 )

[node name="Tree16" parent="World/Tien\'s Test Junk/West Trees 02" instance=ExtResource( 10 )]
transform = Transform( 0.707107, 0, -0.707107, 0, 1, 0, 0.707107, 0, 0.707107, -11.1214, -3.55983, 30.2688 )

[node name="Tree17" parent="World/Tien\'s Test Junk/West Trees 02" instance=ExtResource( 10 )]
transform = Transform( 0.707107, 0, -0.707107, 0, 1, 0, 0.707107, 0, 0.707107, -5.78289, -3.55983, -26.4668 )

[node name="Tree18" parent="World/Tien\'s Test Junk/West Trees 02" instance=ExtResource( 10 )]
transform = Transform( 0.707107, 0, -0.707107, 0, 1, 0, 0.707107, 0, 0.707107, -1.26178, -3.55983, -8.59329 )

[node name="Tree19" parent="World/Tien\'s Test Junk/West Trees 02" instance=ExtResource( 10 )]
transform = Transform( 0.707107, 0, -0.707107, 0, 1, 0, 0.707107, 0, 0.707107, 4.70642, -3.55983, -21.9381 )

[node name="Tree20" parent="World/Tien\'s Test Junk/West Trees 02" instance=ExtResource( 10 )]
transform = Transform( 0.707107, 0, -0.707107, 0, 1, 0, 0.707107, 0, 0.707107, 9.22752, -3.55983, -4.06453 )

[node name="Tree21" parent="World/Tien\'s Test Junk/West Trees 02" instance=ExtResource( 10 )]
transform = Transform( 0.707107, 0, -0.707107, 0, 1, 0, 0.707107, 0, 0.707107, -4.39408, -3.55983, 2.89035 )

[node name="Tree22" parent="World/Tien\'s Test Junk/West Trees 02" instance=ExtResource( 10 )]
transform = Transform( 0.707107, 0, -0.707107, 0, 1, 0, 0.707107, 0, 0.707107, 0.12701, -3.55983, 20.764 )

[node name="Tree23" parent="World/Tien\'s Test Junk/West Trees 02" instance=ExtResource( 10 )]
transform = Transform( 0.707107, 0, -0.707107, 0, 1, 0, 0.707107, 0, 0.707107, 6.09512, -3.55983, 7.41915 )

[node name="Tree24" parent="World/Tien\'s Test Junk/West Trees 02" instance=ExtResource( 10 )]
transform = Transform( 0.707107, 0, -0.707107, 0, 1, 0, 0.707107, 0, 0.707107, 10.6162, -3.55983, 25.2928 )

[node name="Tree25" parent="World/Tien\'s Test Junk/West Trees 02" instance=ExtResource( 10 )]
transform = Transform( 0.988952, 0, 0.148241, 0, 1, 0, -0.148241, 0, 0.988952, 10.6162, -3.55983, 36.4755 )

[node name="West Trees 01" type="Spatial" parent="World/Tien\'s Test Junk"]
transform = Transform( 1, 0, 0, 0, 1, 0, 0, 0, 1, -101.617, 2.7011, -15.4521 )

[node name="Tree09" parent="World/Tien\'s Test Junk/West Trees 01" instance=ExtResource( 10 )]
transform = Transform( 0.707107, 0, -0.707107, 0, 1, 0, 0.707107, 0, 0.707107, -27.5205, -3.55983, -21.4908 )

[node name="Tree10" parent="World/Tien\'s Test Junk/West Trees 01" instance=ExtResource( 10 )]
transform = Transform( 0.707107, 0, -0.707107, 0, 1, 0, 0.707107, 0, 0.707107, -22.9994, -3.55983, -3.61721 )

[node name="Tree11" parent="World/Tien\'s Test Junk/West Trees 01" instance=ExtResource( 10 )]
transform = Transform( 0.707107, 0, -0.707107, 0, 1, 0, 0.707107, 0, 0.707107, -17.0312, -3.55983, -16.9621 )

[node name="Tree12" parent="World/Tien\'s Test Junk/West Trees 01" instance=ExtResource( 10 )]
transform = Transform( 0.707107, 0, -0.707107, 0, 1, 0, 0.707107, 0, 0.707107, -12.5101, -3.55983, 0.911552 )

[node name="Tree13" parent="World/Tien\'s Test Junk/West Trees 01" instance=ExtResource( 10 )]
transform = Transform( 0.707107, 0, -0.707107, 0, 1, 0, 0.707107, 0, 0.707107, -26.1317, -3.55983, 7.86643 )

[node name="Tree14" parent="World/Tien\'s Test Junk/West Trees 01" instance=ExtResource( 10 )]
transform = Transform( 0.707107, 0, -0.707107, 0, 1, 0, 0.707107, 0, 0.707107, -21.6106, -3.55983, 25.74 )

[node name="Tree15" parent="World/Tien\'s Test Junk/West Trees 01" instance=ExtResource( 10 )]
transform = Transform( 0.707107, 0, -0.707107, 0, 1, 0, 0.707107, 0, 0.707107, -15.6425, -3.55983, 12.3952 )

[node name="Tree16" parent="World/Tien\'s Test Junk/West Trees 01" instance=ExtResource( 10 )]
transform = Transform( 0.707107, 0, -0.707107, 0, 1, 0, 0.707107, 0, 0.707107, -11.1214, -3.55983, 30.2688 )

[node name="Tree17" parent="World/Tien\'s Test Junk/West Trees 01" instance=ExtResource( 10 )]
transform = Transform( 0.707107, 0, -0.707107, 0, 1, 0, 0.707107, 0, 0.707107, -5.78289, -3.55983, -26.4668 )

[node name="Tree18" parent="World/Tien\'s Test Junk/West Trees 01" instance=ExtResource( 10 )]
transform = Transform( 0.707107, 0, -0.707107, 0, 1, 0, 0.707107, 0, 0.707107, -1.26178, -3.55983, -8.59329 )

[node name="Tree19" parent="World/Tien\'s Test Junk/West Trees 01" instance=ExtResource( 10 )]
transform = Transform( 0.707107, 0, -0.707107, 0, 1, 0, 0.707107, 0, 0.707107, 4.70642, -3.55983, -21.9381 )

[node name="Tree20" parent="World/Tien\'s Test Junk/West Trees 01" instance=ExtResource( 10 )]
transform = Transform( 0.707107, 0, -0.707107, 0, 1, 0, 0.707107, 0, 0.707107, 9.22752, -3.55983, -4.06453 )

[node name="Tree21" parent="World/Tien\'s Test Junk/West Trees 01" instance=ExtResource( 10 )]
transform = Transform( 0.707107, 0, -0.707107, 0, 1, 0, 0.707107, 0, 0.707107, -4.39408, -3.55983, 2.89035 )

[node name="Tree22" parent="World/Tien\'s Test Junk/West Trees 01" instance=ExtResource( 10 )]
transform = Transform( 0.707107, 0, -0.707107, 0, 1, 0, 0.707107, 0, 0.707107, 0.12701, -3.55983, 20.764 )

[node name="Tree23" parent="World/Tien\'s Test Junk/West Trees 01" instance=ExtResource( 10 )]
transform = Transform( 0.707107, 0, -0.707107, 0, 1, 0, 0.707107, 0, 0.707107, 6.09512, -3.55983, 7.41915 )

[node name="Tree24" parent="World/Tien\'s Test Junk/West Trees 01" instance=ExtResource( 10 )]
transform = Transform( 0.707107, 0, -0.707107, 0, 1, 0, 0.707107, 0, 0.707107, 10.6162, -3.55983, 25.2928 )

[node name="Tree25" parent="World/Tien\'s Test Junk/West Trees 01" instance=ExtResource( 10 )]
transform = Transform( 0.900774, 0, -0.434288, 0, 1, 0, 0.434288, 0, 0.900774, 7.66373, -3.55983, 37.977 )

[node name="Sout West Trees" type="Spatial" parent="World/Tien\'s Test Junk"]
transform = Transform( 1, 0, 0, 0, 1, 0, 0, 0, 1, -101.879, 4.42186, 121.521 )

[node name="Tree09" parent="World/Tien\'s Test Junk/Sout West Trees" instance=ExtResource( 10 )]
transform = Transform( 0.707107, 0, -0.707107, 0, 1, 0, 0.707107, 0, 0.707107, -27.5205, -3.55983, -21.4908 )

[node name="Tree10" parent="World/Tien\'s Test Junk/Sout West Trees" instance=ExtResource( 10 )]
transform = Transform( 0.707107, 0, -0.707107, 0, 1, 0, 0.707107, 0, 0.707107, -22.9994, -3.55983, -3.61721 )

[node name="Tree11" parent="World/Tien\'s Test Junk/Sout West Trees" instance=ExtResource( 10 )]
transform = Transform( 0.707107, 0, -0.707107, 0, 1, 0, 0.707107, 0, 0.707107, -17.0312, -3.55983, -16.9621 )

[node name="Tree12" parent="World/Tien\'s Test Junk/Sout West Trees" instance=ExtResource( 10 )]
transform = Transform( 0.707107, 0, -0.707107, 0, 1, 0, 0.707107, 0, 0.707107, -12.5101, -3.55983, 0.911552 )

[node name="Tree13" parent="World/Tien\'s Test Junk/Sout West Trees" instance=ExtResource( 10 )]
transform = Transform( 0.707107, 0, -0.707107, 0, 1, 0, 0.707107, 0, 0.707107, -26.1317, -3.55983, 7.86643 )

[node name="Tree14" parent="World/Tien\'s Test Junk/Sout West Trees" instance=ExtResource( 10 )]
transform = Transform( 0.707107, 0, -0.707107, 0, 1, 0, 0.707107, 0, 0.707107, -21.6106, -3.55983, 25.74 )

[node name="Tree15" parent="World/Tien\'s Test Junk/Sout West Trees" instance=ExtResource( 10 )]
transform = Transform( 0.707107, 0, -0.707107, 0, 1, 0, 0.707107, 0, 0.707107, -15.6425, -3.55983, 12.3952 )

[node name="Tree16" parent="World/Tien\'s Test Junk/Sout West Trees" instance=ExtResource( 10 )]
transform = Transform( 0.707107, 0, -0.707107, 0, 1, 0, 0.707107, 0, 0.707107, -11.1214, -3.55983, 30.2688 )

[node name="Tree17" parent="World/Tien\'s Test Junk/Sout West Trees" instance=ExtResource( 10 )]
transform = Transform( 0.707107, 0, -0.707107, 0, 1, 0, 0.707107, 0, 0.707107, -5.78289, -3.55983, -26.4668 )

[node name="Tree18" parent="World/Tien\'s Test Junk/Sout West Trees" instance=ExtResource( 10 )]
transform = Transform( 0.707107, 0, -0.707107, 0, 1, 0, 0.707107, 0, 0.707107, -1.26178, -3.55983, -8.59329 )

[node name="Tree19" parent="World/Tien\'s Test Junk/Sout West Trees" instance=ExtResource( 10 )]
transform = Transform( 0.707107, 0, -0.707107, 0, 1, 0, 0.707107, 0, 0.707107, 4.70642, -3.55983, -21.9381 )

[node name="Tree20" parent="World/Tien\'s Test Junk/Sout West Trees" instance=ExtResource( 10 )]
transform = Transform( 0.707107, 0, -0.707107, 0, 1, 0, 0.707107, 0, 0.707107, 9.22752, -3.55983, -4.06453 )

[node name="Tree21" parent="World/Tien\'s Test Junk/Sout West Trees" instance=ExtResource( 10 )]
transform = Transform( 0.707107, 0, -0.707107, 0, 1, 0, 0.707107, 0, 0.707107, -4.39408, -3.55983, 2.89035 )

[node name="Tree22" parent="World/Tien\'s Test Junk/Sout West Trees" instance=ExtResource( 10 )]
transform = Transform( 0.707107, 0, -0.707107, 0, 1, 0, 0.707107, 0, 0.707107, 0.12701, -3.55983, 20.764 )

[node name="Tree23" parent="World/Tien\'s Test Junk/Sout West Trees" instance=ExtResource( 10 )]
transform = Transform( 0.707107, 0, -0.707107, 0, 1, 0, 0.707107, 0, 0.707107, 6.09512, -3.55983, 7.41915 )

[node name="Tree24" parent="World/Tien\'s Test Junk/Sout West Trees" instance=ExtResource( 10 )]
transform = Transform( 0.707107, 0, -0.707107, 0, 1, 0, 0.707107, 0, 0.707107, 10.6162, -3.55983, 25.2928 )

[node name="South Trees 01" type="Spatial" parent="World/Tien\'s Test Junk"]
transform = Transform( -0.0162658, 0, -0.999868, 0, 1, 0, 0.999868, 0, -0.0162658, -64.6613, 2.7011, 125.701 )

[node name="Tree09" parent="World/Tien\'s Test Junk/South Trees 01" instance=ExtResource( 10 )]
transform = Transform( 0.707107, 0, -0.707107, 0, 1, 0, 0.707107, 0, 0.707107, -27.5205, -3.55983, -21.4908 )

[node name="Tree10" parent="World/Tien\'s Test Junk/South Trees 01" instance=ExtResource( 10 )]
transform = Transform( 0.707107, 0, -0.707107, 0, 1, 0, 0.707107, 0, 0.707107, -22.9994, -3.55983, -3.61721 )

[node name="Tree11" parent="World/Tien\'s Test Junk/South Trees 01" instance=ExtResource( 10 )]
transform = Transform( 0.707107, 0, -0.707107, 0, 1, 0, 0.707107, 0, 0.707107, -17.0312, -3.55983, -16.9621 )

[node name="Tree12" parent="World/Tien\'s Test Junk/South Trees 01" instance=ExtResource( 10 )]
transform = Transform( 0.707107, 0, -0.707107, 0, 1, 0, 0.707107, 0, 0.707107, -12.5101, -3.55983, 0.911552 )

[node name="Tree13" parent="World/Tien\'s Test Junk/South Trees 01" instance=ExtResource( 10 )]
transform = Transform( 0.707107, 0, -0.707107, 0, 1, 0, 0.707107, 0, 0.707107, -26.1317, -3.55983, 7.86643 )

[node name="Tree14" parent="World/Tien\'s Test Junk/South Trees 01" instance=ExtResource( 10 )]
transform = Transform( 0.707107, 0, -0.707107, 0, 1, 0, 0.707107, 0, 0.707107, -21.6106, -3.55983, 25.74 )

[node name="Tree15" parent="World/Tien\'s Test Junk/South Trees 01" instance=ExtResource( 10 )]
transform = Transform( 0.707107, 0, -0.707107, 0, 1, 0, 0.707107, 0, 0.707107, -15.6425, -3.55983, 12.3952 )

[node name="Tree16" parent="World/Tien\'s Test Junk/South Trees 01" instance=ExtResource( 10 )]
transform = Transform( 0.707107, 0, -0.707107, 0, 1, 0, 0.707107, 0, 0.707107, -11.1214, -3.55983, 30.2688 )

[node name="Tree17" parent="World/Tien\'s Test Junk/South Trees 01" instance=ExtResource( 10 )]
transform = Transform( 0.707107, 0, -0.707107, 0, 1, 0, 0.707107, 0, 0.707107, -5.78289, -3.55983, -26.4668 )

[node name="Tree18" parent="World/Tien\'s Test Junk/South Trees 01" instance=ExtResource( 10 )]
transform = Transform( 0.707107, 0, -0.707107, 0, 1, 0, 0.707107, 0, 0.707107, -1.26178, -3.55983, -8.59329 )

[node name="Tree19" parent="World/Tien\'s Test Junk/South Trees 01" instance=ExtResource( 10 )]
transform = Transform( 0.707107, 0, -0.707107, 0, 1, 0, 0.707107, 0, 0.707107, 4.70642, -3.55983, -21.9381 )

