[gd_scene load_steps=15 format=2]

[ext_resource path="res://scenes/world/ground.tscn" type="PackedScene" id=1]
[ext_resource path="res://scenes/world/props/floating_crystal.tscn" type="PackedScene" id=2]
[ext_resource path="res://scripts/LevelHelper.cs" type="Script" id=3]
[ext_resource path="res://scenes/world/spawnpoint.tscn" type="PackedScene" id=4]
[ext_resource path="res://scenes/npcs/human.tscn" type="PackedScene" id=5]
[ext_resource path="res://scenes/world/test_cube_l.tscn" type="PackedScene" id=6]
[ext_resource path="res://scenes/world/floor.tscn" type="PackedScene" id=7]
[ext_resource path="res://audio/MX_Gameplay_LP1.wav" type="AudioStream" id=8]
[ext_resource path="res://scenes/world/wall.tscn" type="PackedScene" id=9]
[ext_resource path="res://art/3d/Tree01.tscn" type="PackedScene" id=10]
[ext_resource path="res://scenes/npcs/boss.tscn" type="PackedScene" id=11]

[sub_resource type="ProceduralSky" id=1]
sky_top_color = Color( 0.0588235, 0.529412, 0.498039, 1 )
sky_horizon_color = Color( 0.0588235, 0.529412, 0.498039, 1 )
ground_bottom_color = Color( 0.0235294, 0.305882, 0.286275, 1 )
ground_horizon_color = Color( 0.0588235, 0.529412, 0.498039, 1 )
sun_color = Color( 0.968627, 0.0509804, 0.0509804, 1 )

[sub_resource type="Environment" id=2]
background_mode = 2
background_sky = SubResource( 1 )
ambient_light_color = Color( 1, 0, 0, 1 )
ambient_light_energy = 0.2
fog_enabled = true
fog_color = Color( 0.345098, 0.878431, 0.803922, 1 )
fog_sun_color = Color( 1, 0, 0, 1 )
fog_sun_amount = 1.0
fog_depth_begin = 30.0
fog_depth_end = 90.0
fog_depth_curve = 1.51573
tonemap_mode = 3
tonemap_white = 5.0

[sub_resource type="NavigationMesh" id=3]
vertices = PoolVector3Array( -157.5, 1.5, -33.103, -169.5, 1.5, -33.103, -169.5, 1.5, -21.103, -151.5, 1.5, -33.103, -157.5, 1.5, -33.103, -169.5, 1.5, -21.103, -145.25, 1.5, -33.103, -151.5, 1.5, -33.103, -169.5, 1.5, -21.103, -83.5, 1.5, 49.897, -82, 1.5, 49.647, -74, 1.5, 23.647, -74, 1.5, 15.147, -113.5, 1.5, 61.897, -83.5, 1.5, 51.147, -83.5, 1.5, 49.897, -122, 1.5, 61.897, -139.25, 1.5, -33.103, -145.25, 1.5, -33.103, -169.5, 1.5, -21.103, -114.75, 1.5, -33.103, -120.75, 1.5, -33.103, -169.5, 1.5, -9.10301, -169.5, 1.5, 2.89699, -133, 1.5, -33.103, -139.25, 1.5, -33.103, -169.5, 1.5, -21.103, -74, 1.5, 15.147, -108.5, 1.5, -33.103, -114.75, 1.5, -33.103, -133, 1.5, -33.103, -169.5, 1.5, -21.103, -169.5, 1.5, -9.10301, -127, 1.5, -33.103, -169.5, 1.5, 63.397, -122.25, 1.5, 63.647, -122, 1.5, 61.897, -169.5, 1.5, 57.147, -169.5, 1.5, 15.147, -169.5, 1.5, 27.147, -122, 1.5, 61.897, -74, 1.5, 15.147, -71.75, 1.5, 14.897, -71.75, 1.5, -33.103, -78, 1.5, -33.103, -122, 1.5, 61.897, -83.5, 1.5, 49.897, -74, 1.5, 15.147, -114.75, 1.5, -33.103, -169.5, 1.5, 8.89699, -169.5, 1.5, 15.147, -169.5, 1.5, 51.147, -169.5, 1.5, 57.147, -122, 1.5, 61.897, -114.75, 1.5, -33.103, -169.5, 1.5, 2.89699, -169.5, 1.5, 8.89699, -74, 1.5, 15.147, -78, 1.5, -33.103, -84, 1.5, -33.103, -74, 1.5, 15.147, -84, 1.5, -33.103, -90.25, 1.5, -33.103, -169.5, 1.5, 39.147, -169.5, 1.5, 51.147, -122, 1.5, 61.897, -74, 1.5, 15.147, -90.25, 1.5, -33.103, -96.25, 1.5, -33.103, -120.75, 1.5, -33.103, -127, 1.5, -33.103, -169.5, 1.5, -9.10301, -74, 1.5, 15.147, -96.25, 1.5, -33.103, -102.5, 1.5, -33.103, -169.5, 1.5, 27.147, -169.5, 1.5, 39.147, -122, 1.5, 61.897, -74, 1.5, 15.147, -102.5, 1.5, -33.103, -108.5, 1.5, -33.103, -71.75, 1.5, 14.897, -67, 1.5, 14.897, -67, 1.5, -33.103, -71.75, 1.5, -33.103, -65.25, 1.5, 14.897, -37.75, 1.5, 4.89699, -37.75, 1.5, 4.14699, -65.25, 1.5, 14.897, -37.75, 1.5, 4.14699, -36.5, 1.5, 3.64699, -59.5, 1.5, -33.103, -67, 1.5, -33.103, -67, 1.5, 14.897, -36.5, 1.5, 3.64699, -51.75, 1.5, -33.103, -59.5, 1.5, -33.103, -36.5, 1.5, 3.64699, -36.5, 1.5, -33.103, -44.25, 1.5, -33.103, -36.5, 1.5, 3.64699, -44.25, 1.5, -33.103, -51.75, 1.5, -33.103, -1.00002, 1.5, -20.853, -1.52588e-05, 1.5, -21.103, -1.52588e-05, 1.5, -33.103, -9.25002, 1.5, -33.103, -35.75, 1.5, 3.64699, -35.5, 1.5, 4.64699, -7.25002, 1.5, 4.64699, -7.00002, 1.5, -1.60301, -1.00002, 1.5, -19.103, -1.00002, 1.5, -20.853, -9.25002, 1.5, -33.103, -18.25, 1.5, -33.103, -0.250015, 1.5, -1.60301, -0.250015, 1.5, -18.853, -1.00002, 1.5, -19.103, -7.00002, 1.5, -1.60301, -36.5, 1.5, 3.64699, -35.75, 1.5, 3.64699, -7.00002, 1.5, -1.60301, -1.00002, 1.5, -19.103, -27.5, 1.5, -33.103, -36.5, 1.5, -33.103, -1.00002, 1.5, -19.103, -18.25, 1.5, -33.103, -27.5, 1.5, -33.103, 20.75, 1.5, -1.10301, 21, 1.5, -0.103012, 29.5, 1.5, -0.103012, 29.5, 1.5, -8.35301, 29.5, 1.5, -24.853, 29.5, 1.5, -33.103, 22, 1.5, -33.103, -0.250015, 1.5, -18.853, -0.250015, 1.5, -1.60301, 1.74998, 1.5, -1.60301, 0.999985, 1.5, -19.353, -1.52588e-05, 1.5, -33.103, -1.52588e-05, 1.5, -21.103, 0.999985, 1.5, -20.853, 7.24998, 1.5, -33.103, 19.25, 1.5, -1.10301, 20.75, 1.5, -1.10301, 29.5, 1.5, -8.35301, 29.5, 1.5, -16.603, 29.5, 1.5, -16.603, 29.5, 1.5, -24.853, 14.75, 1.5, -33.103, 0.999985, 1.5, -19.353, 1.74998, 1.5, -1.60301, 19.25, 1.5, -1.10301, 7.24998, 1.5, -33.103, 0.999985, 1.5, -20.853, 0.999985, 1.5, -19.353, 14.75, 1.5, -33.103, 29.5, 1.5, -24.853, 22, 1.5, -33.103, 14.75, 1.5, -33.103, 1.99998, 1.5, 0.146988, 19, 1.5, 0.146988, 19.25, 1.5, -1.10301, 1.74998, 1.5, -1.60301, -6.25002, 6.5, -0.603012, -6.25002, 6.5, 6.64699, 0.999985, 6.5, 6.64699, 0.999985, 6.5, -0.603012, -6.00002, 1.5, -0.353012, -6.00002, 1.5, 6.39699, 0.749985, 1.5, 6.39699, 0.749985, 1.5, -0.353012, 29.5, 1.5, -0.103012, 21, 1.5, -0.103012, 20.5, 1.5, 1.14699, 29.5, 1.5, 9.89699, -1.52588e-05, 1.5, 39.397, 0.249985, 1.5, 40.397, 29.5, 1.5, 40.397, 29.5, 1.5, 30.147, 29.5, 1.5, 9.89699, 20.5, 1.5, 1.14699, 19.25, 1.5, 1.14699, 19.25, 1.5, 1.14699, 19, 1.5, 0.146988, 1.99998, 1.5, 0.146988, 19.25, 1.5, 1.14699, 1.99998, 1.5, 0.146988, 1.99998, 1.5, 7.39699, 29.5, 1.5, 20.147, 29.5, 1.5, 9.89699, -0.750015, 1.5, 39.397, -1.52588e-05, 1.5, 39.397, 29.5, 1.5, 30.147, 29.5, 1.5, 20.147, 1.99998, 1.5, 7.39699, -0.750015, 1.5, 7.64699, -35, 1.5, 53.647, -22.5, 1.5, 66.397, -14.25, 1.5, 66.397, -7.25002, 1.5, 4.64699, -35.5, 1.5, 4.64699, -35.5, 1.5, 5.39699, -7.00002, 1.5, 7.64699, -7.25002, 1.5, 4.64699, -35.5, 1.5, 5.39699, -36, 1.5, 5.64699, -1.75002, 1.5, 39.647, -0.750015, 1.5, 39.397, -0.750015, 1.5, 7.64699, -7.00002, 1.5, 7.64699, -14.25, 1.5, 66.397, -1.75002, 1.5, 40.897, -1.75002, 1.5, 39.647, -7.00002, 1.5, 7.64699, -36, 1.5, 5.64699, -35, 1.5, 53.647, -64.75, 1.5, 15.397, -36.75, 1.5, 5.89699, -37.75, 1.5, 4.89699, -65.25, 1.5, 14.897, -36, 1.5, 5.64699, -36.75, 1.5, 5.89699, -64.75, 1.5, 15.397, -64.75, 1.5, 23.647, -36.25, 1.5, 52.397, -35, 1.5, 53.647, -73, 6.5, 15.897, -73, 6.5, 23.147, -65.75, 6.5, 23.147, -65.75, 6.5, 15.897, -72.75, 1.5, 16.147, -72.75, 1.5, 22.897, -66, 1.5, 22.897, -66, 1.5, 16.147, -82, 1.5, 49.647, -81.5, 1.5, 50.147, -73.5, 1.5, 24.147, -74, 1.5, 23.647, -73.5, 1.5, 24.147, -81.5, 1.5, 50.147, -81.5, 1.5, 51.147, -36.25, 1.5, 52.397, -65, 1.5, 24.147, -36.25, 1.5, 52.397, -64.75, 1.5, 23.647, -65, 1.5, 24.147, -0.250015, 1.5, 41.647, -1.00002, 1.5, 41.647, -13.75, 1.5, 66.897, -13.75, 1.5, 68.147, 29.5, 1.5, 67.897, 29.5, 1.5, 60.897, 29.5, 1.5, 54.147, 29.5, 1.5, 47.147, -0.250015, 1.5, 41.647, 29.5, 1.5, 40.397, 0.249985, 1.5, 40.397, -0.250015, 1.5, 41.647, 29.5, 1.5, 47.147, 29.5, 1.5, 60.897, 29.5, 1.5, 54.147, -0.250015, 1.5, 41.647, -14.25, 1.5, 66.397, -13.75, 1.5, 66.897, -1.00002, 1.5, 41.647, -1.75002, 1.5, 40.897, -113, 1.5, 62.397, -82.75, 1.5, 51.897, -83.5, 1.5, 51.147, -113.5, 1.5, 61.897, -23, 1.5, 66.647, -22.5, 1.5, 66.397, -35, 1.5, 53.647, -23, 1.5, 66.647, -35, 1.5, 53.647, -36.25, 1.5, 52.397, -47.25, 1.5, 85.647, -46.5, 1.5, 85.647, -23, 1.5, 75.147, -47.75, 1.5, 86.397, -47.25, 1.5, 85.647, -36.25, 1.5, 52.397, -81.5, 1.5, 51.147, -82.25, 1.5, 51.897, -95, 1.5, 123.147, -93.75, 1.5, 123.397, -70.25, 1.5, 122.647, -70.25, 1.5, 114.147, -121.75, 1.5, 71.147, -122.5, 1.5, 94.647, -122.5, 1.5, 95.897, -113.25, 1.5, 71.147, -82.25, 1.5, 51.897, -82.75, 1.5, 51.897, -113, 1.5, 62.397, -113.25, 1.5, 71.147, -113.25, 1.5, 71.147, -122.5, 1.5, 95.897, -95, 1.5, 123.147, -70.25, 1.5, 114.147, -47.75, 1.5, 86.397, -82.25, 1.5, 51.897, -61.5, 1.5, 113.897, -47.75, 1.5, 87.397, -47.75, 1.5, 86.397, -70.25, 1.5, 114.147, -121.25, 6.5, 62.897, -121.25, 6.5, 70.147, -114, 6.5, 70.147, -114, 6.5, 62.897, -121, 1.5, 63.147, -121, 1.5, 69.897, -114.25, 1.5, 69.897, -114.25, 1.5, 63.147, -169.5, 1.5, 69.647, -122.25, 1.5, 69.397, -122.25, 1.5, 63.647, -169.5, 1.5, 63.397, -22, 6.5, 67.397, -22, 6.5, 74.647, -14.75, 6.5, 74.647, -14.75, 6.5, 67.397, -21.75, 1.5, 67.647, -21.75, 1.5, 74.397, -15, 1.5, 74.397, -15, 1.5, 67.647, -13.75, 1.5, 68.147, -13.75, 1.5, 73.897, 29.5, 1.5, 74.147, 29.5, 1.5, 67.897, -124.25, 1.5, 94.397, -122.5, 1.5, 94.647, -121.75, 1.5, 71.147, -122.25, 1.5, 70.897, -169.5, 1.5, 82.397, -169.5, 1.5, 88.897, -124.75, 1.5, 95.397, -124.75, 1.5, 95.397, -124.25, 1.5, 94.397, -122.25, 1.5, 70.897, -122.25, 1.5, 69.397, -169.5, 1.5, 75.897, -169.5, 1.5, 82.397, -122.25, 1.5, 69.397, -169.5, 1.5, 69.647, -169.5, 1.5, 75.897, -169.5, 1.5, 88.897, -169.5, 1.5, 95.397, -124.75, 1.5, 95.397, 18, 1.5, 165.897, 29.5, 1.5, 165.897, 29.5, 1.5, 154.397, 6.49998, 1.5, 165.897, 18, 1.5, 165.897, 29.5, 1.5, 154.397, -22.5, 1.5, 75.647, -45.75, 1.5, 86.397, -46, 1.5, 87.897, -14, 1.5, 75.647, -46, 1.5, 87.897, -47.25, 1.5, 87.897, -61, 1.5, 114.397, -61, 1.5, 122.897, 6.49998, 1.5, 165.897, 29.5, 1.5, 154.397, 29.5, 1.5, 142.897, -5.00002, 1.5, 165.897, -61, 1.5, 122.897, -39.5, 1.5, 165.897, -28, 1.5, 165.897, 29.5, 1.5, 108.397, 29.5, 1.5, 96.897, -14, 1.5, 75.647, -16.5, 1.5, 165.897, 29.5, 1.5, 131.397, 29.5, 1.5, 119.897, -14, 1.5, 75.647, -46, 1.5, 87.897, -61, 1.5, 122.897, -61, 1.5, 122.897, -62.75, 1.5, 123.147, -62.5, 1.5, 165.897, -51, 1.5, 165.897, 29.5, 1.5, 74.147, -13.75, 1.5, 73.897, -14, 1.5, 75.647, 29.5, 1.5, 85.397, -61, 1.5, 122.897, -28, 1.5, 165.897, -16.5, 1.5, 165.897, 29.5, 1.5, 119.897, 29.5, 1.5, 108.397, -14, 1.5, 75.647, -61, 1.5, 122.897, -51, 1.5, 165.897, -39.5, 1.5, 165.897, 29.5, 1.5, 96.897, 29.5, 1.5, 85.397, -14, 1.5, 75.647, -5.00002, 1.5, 165.897, 29.5, 1.5, 142.897, 29.5, 1.5, 131.397, -16.5, 1.5, 165.897, -45.75, 1.5, 86.397, -22.5, 1.5, 75.647, -23, 1.5, 75.147, -46.5, 1.5, 85.647, -61.5, 1.5, 113.897, -61, 1.5, 114.397, -47.25, 1.5, 87.897, -47.75, 1.5, 87.397, -125, 1.5, 124.147, -124.25, 1.5, 96.397, -124.75, 1.5, 95.397, -169.5, 1.5, 95.397, -169.5, 1.5, 102.897, -133.5, 1.5, 124.147, -169.5, 1.5, 110.397, -169.5, 1.5, 117.897, -133.5, 1.5, 124.147, -169.5, 1.5, 125.647, -133.75, 1.5, 125.897, -133.5, 1.5, 124.147, -169.5, 1.5, 117.897, -169.5, 1.5, 102.897, -169.5, 1.5, 110.397, -133.5, 1.5, 124.147, -122.75, 1.5, 96.397, -124.25, 1.5, 96.397, -125, 1.5, 124.147, -122.5, 1.5, 95.897, -122.75, 1.5, 96.397, -125, 1.5, 124.147, -124.5, 1.5, 124.897, -95.75, 1.5, 123.647, -95, 1.5, 123.147, -124.5, 1.5, 124.897, -95.75, 1.5, 124.647, -95.75, 1.5, 123.647, -69.25, 6.5, 114.897, -69.25, 6.5, 122.147, -62, 6.5, 122.147, -62, 6.5, 114.897, -69, 1.5, 115.147, -69, 1.5, 121.897, -62.25, 1.5, 121.897, -62.25, 1.5, 115.147, -70.25, 1.5, 122.647, -93.75, 1.5, 123.397, -93.5, 1.5, 124.897, -70, 1.5, 123.147, -94.5, 1.5, 125.397, -88.25, 1.5, 165.897, -81.75, 1.5, 165.897, -70, 1.5, 123.147, -93.5, 1.5, 124.897, -94.5, 1.5, 125.397, -81.75, 1.5, 165.897, -75.25, 1.5, 165.897, -68.5, 1.5, 123.147, -75.25, 1.5, 165.897, -68.75, 1.5, 165.897, -68.5, 1.5, 123.147, -94.5, 1.5, 125.397, -94.5, 1.5, 165.897, -88.25, 1.5, 165.897, -68.75, 1.5, 165.897, -62.5, 1.5, 165.897, -62.75, 1.5, 123.147, -68.5, 1.5, 123.147, -95.25, 1.5, 125.397, -95.75, 1.5, 124.647, -124.5, 1.5, 124.897, -124.5, 1.5, 133.147, -124.5, 1.5, 133.147, -118.75, 1.5, 165.897, -110.75, 1.5, 165.897, -94.5, 1.5, 125.397, -95.25, 1.5, 125.397, -124.5, 1.5, 133.147, -102.75, 1.5, 165.897, -94.5, 1.5, 165.897, -124.5, 1.5, 133.147, -126.75, 1.5, 133.397, -126.75, 1.5, 165.897, -118.75, 1.5, 165.897, -124.5, 1.5, 133.147, -110.75, 1.5, 165.897, -102.75, 1.5, 165.897, -132.75, 6.5, 125.147, -132.75, 6.5, 132.397, -125.5, 6.5, 132.397, -125.5, 6.5, 125.147, -132.5, 1.5, 125.397, -132.5, 1.5, 132.147, -125.75, 1.5, 132.147, -125.75, 1.5, 125.397, -169.5, 1.5, 131.897, -133.75, 1.5, 131.647, -133.75, 1.5, 125.897, -169.5, 1.5, 125.647, -169.5, 1.5, 157.397, -169.5, 1.5, 165.897, -160, 1.5, 165.897, -169.5, 1.5, 148.897, -169.5, 1.5, 157.397, -160, 1.5, 165.897, -169.5, 1.5, 148.897, -160, 1.5, 165.897, -150.5, 1.5, 165.897, -169.5, 1.5, 140.397, -141, 1.5, 165.897, -133.5, 1.5, 133.397, -133.75, 1.5, 131.647, -169.5, 1.5, 131.897, -169.5, 1.5, 140.397, -150.5, 1.5, 165.897, -131.5, 1.5, 165.897, -131.5, 1.5, 133.397, -133.5, 1.5, 133.397, -141, 1.5, 165.897, -131.5, 1.5, 165.897, -126.75, 1.5, 165.897, -126.75, 1.5, 133.397, -131.5, 1.5, 133.397 )
polygons = [ PoolIntArray( 2, 1, 0 ), PoolIntArray( 5, 4, 3 ), PoolIntArray( 8, 7, 6 ), PoolIntArray( 10, 9, 11 ), PoolIntArray( 11, 9, 12 ), PoolIntArray( 14, 13, 15 ), PoolIntArray( 15, 13, 16 ), PoolIntArray( 19, 18, 17 ), PoolIntArray( 21, 20, 22 ), PoolIntArray( 22, 20, 23 ), PoolIntArray( 26, 25, 24 ), PoolIntArray( 29, 28, 27 ), PoolIntArray( 30, 33, 31 ), PoolIntArray( 31, 33, 32 ), PoolIntArray( 35, 34, 36 ), PoolIntArray( 36, 34, 37 ), PoolIntArray( 40, 39, 38 ), PoolIntArray( 42, 41, 43 ), PoolIntArray( 43, 41, 44 ), PoolIntArray( 46, 45, 47 ), PoolIntArray( 47, 45, 48 ), PoolIntArray( 48, 45, 50 ), PoolIntArray( 48, 50, 49 ), PoolIntArray( 53, 52, 51 ), PoolIntArray( 56, 55, 54 ), PoolIntArray( 59, 58, 57 ), PoolIntArray( 62, 61, 60 ), PoolIntArray( 63, 65, 64 ), PoolIntArray( 68, 67, 66 ), PoolIntArray( 71, 70, 69 ), PoolIntArray( 74, 73, 72 ), PoolIntArray( 76, 75, 77 ), PoolIntArray( 78, 80, 79 ), PoolIntArray( 84, 83, 81 ), PoolIntArray( 81, 83, 82 ), PoolIntArray( 87, 86, 85 ), PoolIntArray( 89, 88, 90 ), PoolIntArray( 90, 88, 93 ), PoolIntArray( 90, 93, 91 ), PoolIntArray( 91, 93, 92 ), PoolIntArray( 96, 95, 94 ), PoolIntArray( 99, 98, 97 ), PoolIntArray( 102, 101, 100 ), PoolIntArray( 104, 103, 105 ), PoolIntArray( 105, 103, 106 ), PoolIntArray( 108, 107, 109 ), PoolIntArray( 109, 107, 110 ), PoolIntArray( 112, 111, 113 ), PoolIntArray( 113, 111, 114 ), PoolIntArray( 116, 115, 117 ), PoolIntArray( 117, 115, 118 ), PoolIntArray( 120, 119, 121 ), PoolIntArray( 121, 119, 122 ), PoolIntArray( 122, 119, 123 ), PoolIntArray( 123, 119, 124 ), PoolIntArray( 127, 126, 125 ), PoolIntArray( 129, 128, 130 ), PoolIntArray( 130, 128, 131 ), PoolIntArray( 134, 133, 132 ), PoolIntArray( 135, 138, 136 ), PoolIntArray( 136, 138, 137 ), PoolIntArray( 140, 139, 141 ), PoolIntArray( 141, 139, 142 ), PoolIntArray( 144, 143, 145 ), PoolIntArray( 145, 143, 146 ), PoolIntArray( 148, 147, 149 ), PoolIntArray( 149, 147, 150 ), PoolIntArray( 150, 147, 152 ), PoolIntArray( 150, 152, 151 ), PoolIntArray( 154, 153, 155 ), PoolIntArray( 155, 153, 156 ), PoolIntArray( 159, 158, 157 ), PoolIntArray( 161, 160, 162 ), PoolIntArray( 162, 160, 163 ), PoolIntArray( 167, 166, 164 ), PoolIntArray( 164, 166, 165 ), PoolIntArray( 171, 170, 168 ), PoolIntArray( 168, 170, 169 ), PoolIntArray( 173, 172, 174 ), PoolIntArray( 174, 172, 175 ), PoolIntArray( 177, 176, 178 ), PoolIntArray( 178, 176, 179 ), PoolIntArray( 182, 181, 180 ), PoolIntArray( 185, 184, 183 ), PoolIntArray( 187, 186, 188 ), PoolIntArray( 188, 186, 190 ), PoolIntArray( 188, 190, 189 ), PoolIntArray( 192, 191, 193 ), PoolIntArray( 193, 191, 194 ), PoolIntArray( 194, 191, 195 ), PoolIntArray( 195, 191, 196 ), PoolIntArray( 199, 198, 197 ), PoolIntArray( 202, 201, 200 ), PoolIntArray( 205, 204, 206 ), PoolIntArray( 206, 204, 203 ), PoolIntArray( 208, 207, 209 ), PoolIntArray( 209, 207, 210 ), PoolIntArray( 212, 211, 213 ), PoolIntArray( 213, 211, 216 ), PoolIntArray( 213, 216, 214 ), PoolIntArray( 214, 216, 215 ), PoolIntArray( 220, 219, 217 ), PoolIntArray( 217, 219, 218 ), PoolIntArray( 222, 221, 223 ), PoolIntArray( 223, 221, 224 ), PoolIntArray( 224, 221, 225 ), PoolIntArray( 225, 221, 226 ), PoolIntArray( 230, 229, 227 ), PoolIntArray( 227, 229, 228 ), PoolIntArray( 234, 233, 231 ), PoolIntArray( 231, 233, 232 ), PoolIntArray( 238, 237, 235 ), PoolIntArray( 235, 237, 236 ), PoolIntArray( 240, 239, 241 ), PoolIntArray( 241, 239, 243 ), PoolIntArray( 241, 243, 242 ), PoolIntArray( 246, 245, 244 ), PoolIntArray( 248, 247, 249 ), PoolIntArray( 249, 247, 250 ), PoolIntArray( 250, 247, 252 ), PoolIntArray( 250, 252, 251 ), PoolIntArray( 255, 254, 253 ), PoolIntArray( 257, 256, 258 ), PoolIntArray( 258, 256, 259 ), PoolIntArray( 262, 261, 260 ), PoolIntArray( 264, 263, 265 ), PoolIntArray( 265, 263, 266 ), PoolIntArray( 270, 269, 267 ), PoolIntArray( 267, 269, 268 ), PoolIntArray( 273, 272, 271 ), PoolIntArray( 275, 274, 276 ), PoolIntArray( 276, 274, 279 ), PoolIntArray( 276, 279, 278 ), PoolIntArray( 276, 278, 277 ), PoolIntArray( 281, 280, 282 ), PoolIntArray( 282, 280, 283 ), PoolIntArray( 283, 280, 284 ), PoolIntArray( 286, 285, 287 ), PoolIntArray( 287, 285, 288 ), PoolIntArray( 290, 289, 291 ), PoolIntArray( 291, 289, 292 ), PoolIntArray( 294, 293, 295 ), PoolIntArray( 295, 293, 296 ), PoolIntArray( 298, 297, 299 ), PoolIntArray( 299, 297, 300 ), PoolIntArray( 300, 297, 302 ), PoolIntArray( 300, 302, 301 ), PoolIntArray( 304, 303, 305 ), PoolIntArray( 305, 303, 306 ), PoolIntArray( 310, 309, 307 ), PoolIntArray( 307, 309, 308 ), PoolIntArray( 314, 313, 311 ), PoolIntArray( 311, 313, 312 ), PoolIntArray( 316, 315, 317 ), PoolIntArray( 317, 315, 318 ), PoolIntArray( 322, 321, 319 ), PoolIntArray( 319, 321, 320 ), PoolIntArray( 326, 325, 323 ), PoolIntArray( 323, 325, 324 ), PoolIntArray( 327, 330, 328 ), PoolIntArray( 328, 330, 329 ), PoolIntArray( 334, 333, 331 ), PoolIntArray( 331, 333, 332 ), PoolIntArray( 337, 336, 335 ), PoolIntArray( 339, 338, 340 ), PoolIntArray( 340, 338, 341 ), PoolIntArray( 341, 338, 343 ), PoolIntArray( 341, 343, 342 ), PoolIntArray( 346, 345, 344 ), PoolIntArray( 349, 348, 347 ), PoolIntArray( 352, 351, 350 ), PoolIntArray( 355, 354, 353 ), PoolIntArray( 357, 356, 358 ), PoolIntArray( 358, 356, 359 ), PoolIntArray( 361, 360, 362 ), PoolIntArray( 362, 360, 363 ), PoolIntArray( 365, 364, 366 ), PoolIntArray( 366, 364, 367 ), PoolIntArray( 368, 370, 369 ), PoolIntArray( 371, 373, 372 ), PoolIntArray( 375, 374, 376 ), PoolIntArray( 376, 374, 377 ), PoolIntArray( 377, 374, 378 ), PoolIntArray( 378, 374, 379 ), PoolIntArray( 381, 380, 382 ), PoolIntArray( 382, 380, 383 ), PoolIntArray( 385, 384, 386 ), PoolIntArray( 386, 384, 387 ), PoolIntArray( 390, 389, 388 ), PoolIntArray( 393, 392, 391 ), PoolIntArray( 396, 395, 394 ), PoolIntArray( 399, 398, 397 ), PoolIntArray( 401, 400, 402 ), PoolIntArray( 402, 400, 403 ), PoolIntArray( 405, 404, 406 ), PoolIntArray( 406, 404, 407 ), PoolIntArray( 411, 410, 408 ), PoolIntArray( 408, 410, 409 ), PoolIntArray( 413, 412, 414 ), PoolIntArray( 414, 412, 417 ), PoolIntArray( 414, 417, 416 ), PoolIntArray( 414, 416, 415 ), PoolIntArray( 420, 419, 418 ), PoolIntArray( 422, 421, 423 ), PoolIntArray( 423, 421, 424 ), PoolIntArray( 427, 426, 425 ), PoolIntArray( 430, 429, 428 ), PoolIntArray( 432, 431, 433 ), PoolIntArray( 433, 431, 434 ), PoolIntArray( 434, 431, 435 ), PoolIntArray( 435, 431, 436 ), PoolIntArray( 439, 438, 437 ), PoolIntArray( 443, 442, 440 ), PoolIntArray( 440, 442, 441 ), PoolIntArray( 447, 446, 444 ), PoolIntArray( 444, 446, 445 ), PoolIntArray( 451, 450, 448 ), PoolIntArray( 448, 450, 449 ), PoolIntArray( 454, 453, 452 ), PoolIntArray( 456, 455, 457 ), PoolIntArray( 457, 455, 460 ), PoolIntArray( 457, 460, 458 ), PoolIntArray( 458, 460, 459 ), PoolIntArray( 463, 462, 461 ), PoolIntArray( 466, 465, 464 ), PoolIntArray( 470, 469, 467 ), PoolIntArray( 467, 469, 468 ), PoolIntArray( 472, 471, 473 ), PoolIntArray( 473, 471, 474 ), PoolIntArray( 477, 476, 475 ), PoolIntArray( 479, 478, 480 ), PoolIntArray( 480, 478, 481 ), PoolIntArray( 481, 478, 482 ), PoolIntArray( 484, 483, 485 ), PoolIntArray( 485, 483, 486 ), PoolIntArray( 489, 488, 487 ), PoolIntArray( 493, 492, 490 ), PoolIntArray( 490, 492, 491 ), PoolIntArray( 497, 496, 494 ), PoolIntArray( 494, 496, 495 ), PoolIntArray( 499, 498, 500 ), PoolIntArray( 500, 498, 501 ), PoolIntArray( 504, 503, 502 ), PoolIntArray( 507, 506, 505 ), PoolIntArray( 509, 508, 510 ), PoolIntArray( 510, 508, 511 ), PoolIntArray( 513, 512, 514 ), PoolIntArray( 514, 512, 517 ), PoolIntArray( 514, 517, 516 ), PoolIntArray( 514, 516, 515 ), PoolIntArray( 519, 518, 520 ), PoolIntArray( 520, 518, 521 ), PoolIntArray( 525, 524, 522 ), PoolIntArray( 522, 524, 523 ) ]

[node name="Main" type="Spatial"]
script = ExtResource( 3 )
_enemiesToSpawn = 10
_enemySpawnTag = "human"
_humanScene = ExtResource( 5 )
_bossSpawnTag = "boss"
_bossScene = ExtResource( 11 )

[node name="WorldEnvironment" type="WorldEnvironment" parent="."]
environment = SubResource( 2 )

[node name="DirectionalLight" type="DirectionalLight" parent="."]
transform = Transform( 0.65064, 0.0869922, 0.754387, -0.708046, -0.289573, 0.644064, 0.274479, -0.953194, -0.126814, -60.0888, 10, 43.3379 )
light_color = Color( 0.203922, 0.517647, 0.847059, 1 )
light_energy = 0.5
shadow_enabled = true
shadow_color = Color( 0.0196078, 0.117647, 0.243137, 1 )

[node name="DirectionalLight2" type="DirectionalLight" parent="."]
transform = Transform( 1, 0, 0, 0, -4.37114e-08, 1, 0, -1, -4.37114e-08, -56.9521, 17.1999, 63.7262 )
light_color = Color( 0.4, 0.87451, 0.796078, 1 )
light_energy = 0.05
shadow_color = Color( 0.0196078, 0.117647, 0.243137, 1 )

[node name="World" type="Spatial" parent="."]

[node name="NavigationMeshInstance" type="NavigationMeshInstance" parent="World"]
navmesh = SubResource( 3 )

[node name="Ground" parent="World/NavigationMeshInstance" instance=ExtResource( 1 )]
transform = Transform( 100, 0, 0, 0, 1, 0, 0, 0, 100, -70, 0, 66.397 )

[node name="floating_crystal4" parent="World/NavigationMeshInstance" instance=ExtResource( 2 )]
transform = Transform( 1, 0, 0, 0, 1, 0, 0, 0, 1, 20, 1.5, 0 )

[node name="floating_crystal7" parent="World/NavigationMeshInstance" instance=ExtResource( 2 )]
transform = Transform( 1, 0, 0, 0, 1, 0, 0, 0, 1, 0, 1.5, -20 )

[node name="floating_crystal1" parent="World/NavigationMeshInstance" instance=ExtResource( 2 )]
transform = Transform( 1, 0, 0, 0, 1, 0, 0, 0, 1, -82.4694, 1.5, 50.6752 )

[node name="floating_crystal2" parent="World/NavigationMeshInstance" instance=ExtResource( 2 )]
transform = Transform( 1, 0, 0, 0, 1, 0, 0, 0, 1, -36.5314, 1.5, 4.67949 )

[node name="floating_crystal6" parent="World/NavigationMeshInstance" instance=ExtResource( 2 )]
transform = Transform( 1, 0, 0, 0, 1, 0, 0, 0, 1, -0.730743, 1.5, 40.453 )

[node name="floating_crystal8" parent="World/NavigationMeshInstance" instance=ExtResource( 2 )]
transform = Transform( 1, 0, 0, 0, 1, 0, 0, 0, 1, -46.7265, 1.5, 86.8247 )

[node name="floating_crystal3" parent="World/NavigationMeshInstance" instance=ExtResource( 2 )]
transform = Transform( 1, 0, 0, 0, 1, 0, 0, 0, 1, -94.6472, 1.5, 124.338 )

[node name="floating_crystal5" parent="World/NavigationMeshInstance" instance=ExtResource( 2 )]
transform = Transform( 1, 0, 0, 0, 1, 0, 0, 0, 1, -123.58, 1.5, 95.406 )

[node name="Test Cube Large" parent="World/NavigationMeshInstance" instance=ExtResource( 6 )]
transform = Transform( 4, 0, 0, 0, 4, 0, 0, 0, 4, -18.3796, 2, 70.9489 )

[node name="Test Cube Large6" parent="World/NavigationMeshInstance" instance=ExtResource( 6 )]
transform = Transform( 4, 0, 0, 0, 4, 0, 0, 0, 4, -65.664, 2, 118.643 )

[node name="Test Cube Large2" parent="World/NavigationMeshInstance" instance=ExtResource( 6 )]
transform = Transform( 4, 0, 0, 0, 4, 0, 0, 0, 4, -2.53248, 2, 2.99436 )

[node name="Test Cube Large3" parent="World/NavigationMeshInstance" instance=ExtResource( 6 )]
transform = Transform( 4, 0, 0, 0, 4, 0, 0, 0, 4, -129.243, 2, 128.758 )

[node name="Test Cube Large4" parent="World/NavigationMeshInstance" instance=ExtResource( 6 )]
transform = Transform( 4, 0, 0, 0, 4, 0, 0, 0, 4, -117.557, 2, 66.5492 )

[node name="Test Cube Large5" parent="World/NavigationMeshInstance" instance=ExtResource( 6 )]
transform = Transform( 4, 0, 0, 0, 4, 0, 0, 0, 4, -69.4931, 2, 19.5341 )

[node name="Border" type="Spatial" parent="World/NavigationMeshInstance"]

[node name="South Wall" parent="World/NavigationMeshInstance/Border" instance=ExtResource( 9 )]
transform = Transform( 60, 0, 0, 0, 10, 0, 0, 0, 1, -91.4276, 10, 148.725 )

[node name="West Wall" parent="World/NavigationMeshInstance/Border" instance=ExtResource( 9 )]
transform = Transform( 0, 0, 1, 0, 10, 0, -60, 0, -8.9407e-08, -149.039, 10, 89.1001 )

[node name="East Wall" parent="World/NavigationMeshInstance/Border" instance=ExtResource( 9 )]
transform = Transform( 0, 0, 1, 0, 10, 0, -60, 0, -8.9407e-08, 30, 10, 30 )

[node name="North Wall" parent="World/NavigationMeshInstance/Border" instance=ExtResource( 9 )]
transform = Transform( 60, 0, 0, 0, 10, 0, 0, 0, 1, -30, 10, -30 )

[node name="NW Wall" parent="World/NavigationMeshInstance/Border" instance=ExtResource( 9 )]
transform = Transform( 56.5685, 0, 0.707107, 0, 10, 0, -56.5685, 0, 0.707107, -100.103, 10, 19.8927 )

[node name="SE Wall" parent="World/NavigationMeshInstance/Border" instance=ExtResource( 9 )]
transform = Transform( 56.5685, 0, 0.707107, 0, 10, 0, -56.5685, 0, 0.707107, -14.4769, 10, 98.0732 )

[node name="Env" type="Spatial" parent="World"]

[node name="Floor Tile 01" parent="World/Env" instance=ExtResource( 7 )]
transform = Transform( 1, 0, 0, 0, 1, 0, 0, 0, 1, -10, 1.1, -10 )

[node name="Floor Tile 02" parent="World/Env" instance=ExtResource( 7 )]
transform = Transform( 1, 0, 0, 0, 1, 0, 0, 0, 1, -70, 1.1, -10 )

[node name="Floor Tile 03" parent="World/Env" instance=ExtResource( 7 )]
transform = Transform( 1, 0, 0, 0, 1, 0, 0, 0, 1, -70, 1.1, 50 )

[node name="Floor Tile 04" parent="World/Env" instance=ExtResource( 7 )]
transform = Transform( 1, 0, 0, 0, 1, 0, 0, 0, 1, -10, 1.1, 50 )

[node name="Floor Tile 05" parent="World/Env" instance=ExtResource( 7 )]
transform = Transform( 1, 0, 0, 0, 1, 0, 0, 0, 1, -10, 1.1, -70 )

[node name="Floor Tile 06" parent="World/Env" instance=ExtResource( 7 )]
transform = Transform( 1, 0, 0, 0, 1, 0, 0, 0, 1, -70, 1.1, -70 )

[node name="Floor Tile 07" parent="World/Env" instance=ExtResource( 7 )]
transform = Transform( 1, 0, 0, 0, 1, 0, 0, 0, 1, -10, 1.1, 110 )

[node name="Floor Tile 08" parent="World/Env" instance=ExtResource( 7 )]
transform = Transform( 1, 0, 0, 0, 1, 0, 0, 0, 1, -70, 1.1, 110 )

[node name="Floor Tile 09" parent="World/Env" instance=ExtResource( 7 )]
transform = Transform( 1, 0, 0, 0, 1, 0, 0, 0, 1, -130, 1.1, 110 )

[node name="Floor Tile 10" parent="World/Env" instance=ExtResource( 7 )]
transform = Transform( 1, 0, 0, 0, 1, 0, 0, 0, 1, -130, 1.1, -10 )

[node name="Floor Tile 11" parent="World/Env" instance=ExtResource( 7 )]
transform = Transform( 1, 0, 0, 0, 1, 0, 0, 0, 1, -130, 1.1, 50 )

[node name="Floor Tile 12" parent="World/Env" instance=ExtResource( 7 )]
transform = Transform( 1, 0, 0, 0, 1, 0, 0, 0, 1, -130, 1.1, -70 )

[node name="Floor Tile 13" parent="World/Env" instance=ExtResource( 7 )]
transform = Transform( 1, 0, 0, 0, 1, 0, 0, 0, 1, -190, 1.1, 110 )

[node name="Floor Tile 14" parent="World/Env" instance=ExtResource( 7 )]
transform = Transform( 1, 0, 0, 0, 1, 0, 0, 0, 1, -189.716, 1.1, -10 )

[node name="Floor Tile 15" parent="World/Env" instance=ExtResource( 7 )]
transform = Transform( 1, 0, 0, 0, 1, 0, 0, 0, 1, -189.716, 1.1, 50 )

[node name="Floor Tile 16" parent="World/Env" instance=ExtResource( 7 )]
transform = Transform( 1, 0, 0, 0, 1, 0, 0, 0, 1, -189.716, 1.1, -70 )

[node name="Floor Tile 17" parent="World/Env" instance=ExtResource( 7 )]
transform = Transform( 1, 0, 0, 0, 1, 0, 0, 0, 1, -10, 1.1, 170 )

[node name="Floor Tile 18" parent="World/Env" instance=ExtResource( 7 )]
transform = Transform( 1, 0, 0, 0, 1, 0, 0, 0, 1, -70, 1.1, 170 )

[node name="Floor Tile 19" parent="World/Env" instance=ExtResource( 7 )]
transform = Transform( 1, 0, 0, 0, 1, 0, 0, 0, 1, -130, 1.1, 170 )

[node name="Bottom Floor Tile 03" parent="World/Env" instance=ExtResource( 7 )]
transform = Transform( 1, 0, 0, 0, 1, 0, 0, 0, 1, 50, -22.244, -10 )

[node name="Bottom Floor Tile 04" parent="World/Env" instance=ExtResource( 7 )]
transform = Transform( 1, 0, 0, 0, 1, 0, 0, 0, 1, 50, -22.244, -70 )

[node name="Bottom Floor Tile 02" parent="World/Env" instance=ExtResource( 7 )]
transform = Transform( 1, 0, 0, 0, 1, 0, 0, 0, 1, 49.3627, -22.2437, 50 )

[node name="Bottom Floor Tile 01" parent="World/Env" instance=ExtResource( 7 )]
transform = Transform( 1, 0, 0, 0, 1, 0, 0, 0, 1, 50, -22.244, 110 )

[node name="Bottom Floor Tile 05" parent="World/Env" instance=ExtResource( 7 )]
transform = Transform( 1, 0, 0, 0, 1, 0, 0, 0, 1, 50, -22.244, 170 )

[node name="Floor Tile 20" parent="World/Env" instance=ExtResource( 7 )]
transform = Transform( 1, 0, 0, 0, 1, 0, 0, 0, 1, -190, 1.1, 170 )

[node name="Northern Trees" type="Spatial" parent="World/Env"]
transform = Transform( 1, 0, 0, 0, 1, 0, 0, 0, 1, 5.86676, 0, -58.4899 )

[node name="Tree01" parent="World/Env/Northern Trees" instance=ExtResource( 10 )]
transform = Transform( 0.707107, 0, -0.707107, 0, 1, 0, 0.707107, 0, 0.707107, 3.76409, 0, -29.5565 )

[node name="Tree02" parent="World/Env/Northern Trees" instance=ExtResource( 10 )]
transform = Transform( 0.707107, 0, -0.707107, 0, 1, 0, 0.707107, 0, 0.707107, 8.28514, 0, -11.6829 )

[node name="Tree03" parent="World/Env/Northern Trees" instance=ExtResource( 10 )]
transform = Transform( 0.707107, 0, -0.707107, 0, 1, 0, 0.707107, 0, 0.707107, 14.2533, 0, -25.0278 )

[node name="Tree04" parent="World/Env/Northern Trees" instance=ExtResource( 10 )]
transform = Transform( 0.707107, 0, -0.707107, 0, 1, 0, 0.707107, 0, 0.707107, 18.7744, 0, -7.15424 )

[node name="Tree05" parent="World/Env/Northern Trees" instance=ExtResource( 10 )]
transform = Transform( 0.707107, 0, -0.707107, 0, 1, 0, 0.707107, 0, 0.707107, 5.15284, -3.8147e-06, -0.199348 )

[node name="Tree06" parent="World/Env/Northern Trees" instance=ExtResource( 10 )]
transform = Transform( 0.707107, 0, -0.707107, 0, 1, 0, 0.707107, 0, 0.707107, 9.67394, -3.8147e-06, 17.6743 )

[node name="Tree07" parent="World/Env/Northern Trees" instance=ExtResource( 10 )]
transform = Transform( 0.707107, 0, -0.707107, 0, 1, 0, 0.707107, 0, 0.707107, 15.642, -3.8147e-06, 4.32945 )

[node name="Tree08" parent="World/Env/Northern Trees" instance=ExtResource( 10 )]
transform = Transform( 0.707107, 0, -0.707107, 0, 1, 0, 0.707107, 0, 0.707107, 20.1631, -3.8147e-06, 22.2031 )

[node name="Tree17" parent="World/Env/Northern Trees" instance=ExtResource( 10 )]
transform = Transform( 0.896657, 0, -0.442727, 0, 1, 0, 0.442727, 0, 0.896657, 2.63231, -7.62939e-06, 29.5519 )

[node name="Tree18" parent="World/Env/Northern Trees" instance=ExtResource( 10 )]
transform = Transform( 0.896657, 0, -0.442727, 0, 1, 0, 0.442727, 0, 0.896657, -12.0833, -7.62939e-06, 27.4855 )

[node name="Tree19" parent="World/Env/Northern Trees" instance=ExtResource( 10 )]
transform = Transform( 0.896657, 0, -0.442727, 0, 1, 0, 0.442727, 0, 0.896657, -13.9348, 0, -21.4902 )

[node name="Tree20" parent="World/Env/Northern Trees" instance=ExtResource( 10 )]
transform = Transform( 0.896657, 0, -0.442727, 0, 1, 0, 0.442727, 0, 0.896657, -3.91594, 0, -6.01355 )

[node name="Tree21" parent="World/Env/Northern Trees" instance=ExtResource( 10 )]
transform = Transform( 0.896657, 0, -0.442727, 0, 1, 0, 0.442727, 0, 0.896657, -14.5844, -3.8147e-06, 4.94555 )

[node name="Tree22" parent="World/Env/Northern Trees" instance=ExtResource( 10 )]
transform = Transform( 0.896657, 0, -0.442727, 0, 1, 0, 0.442727, 0, 0.896657, -4.56554, -3.8147e-06, 20.4223 )

[node name="Tree23" parent="World/Env/Northern Trees" instance=ExtResource( 10 )]
transform = Transform( 0.896657, 0, -0.442727, 0, 1, 0, 0.442727, 0, 0.896657, -3.1966, -3.8147e-06, 5.86795 )

[node name="Tree24" parent="World/Env/Northern Trees" instance=ExtResource( 10 )]
transform = Transform( 0.896657, 0, -0.442727, 0, 1, 0, 0.442727, 0, 0.896657, 6.82224, -3.8147e-06, 21.3447 )

[node name="Tree31" parent="World/Env/Northern Trees" instance=ExtResource( 10 )]
transform = Transform( -0.882718, 0, -0.469903, 0, 1, 0, 0.469903, 0, -0.882718, -16.5004, 3.81469e-06, -7.78352 )

[node name="Tree32" parent="World/Env/Northern Trees" instance=ExtResource( 10 )]
transform = Transform( -0.882718, 0, -0.469903, 0, 1, 0, 0.469903, 0, -0.882718, -1.97928, 3.81469e-06, -18.9849 )

[node name="Tree26" parent="World/Env/Northern Trees" instance=ExtResource( 10 )]
transform = Transform( -0.882718, 0, -0.469903, 0, 1, 0, 0.469903, 0, -0.882718, -26.694, 7.62939e-06, -22.4655 )

[node name="Tree29" parent="World/Env/Northern Trees" instance=ExtResource( 10 )]
transform = Transform( -0.882718, 0, -0.469903, 0, 1, 0, 0.469903, 0, -0.882718, -28.7177, 3.81469e-06, 10.9108 )

[node name="Tree30" parent="World/Env/Northern Trees" instance=ExtResource( 10 )]
transform = Transform( -0.882718, 0, -0.469903, 0, 1, 0, 0.469903, 0, -0.882718, -26.5162, 3.81469e-06, -11.8558 )

[node name="Tree27" parent="World/Env/Northern Trees" instance=ExtResource( 10 )]
transform = Transform( -0.882718, 0, -0.469903, 0, 1, 0, 0.469903, 0, -0.882718, -28.2435, 7.62939e-06, 29.6282 )

[node name="Tree28" parent="World/Env/Northern Trees" instance=ExtResource( 10 )]
transform = Transform( -0.882718, 0, -0.469903, 0, 1, 0, 0.469903, 0, -0.882718, -27.5505, 7.62939e-06, -0.932583 )

[node name="Tree25" parent="World/Env/Northern Trees" instance=ExtResource( 10 )]
transform = Transform( -0.882718, 0, -0.469903, 0, 1, 0, 0.469903, 0, -0.882718, -20.8502, 7.62939e-06, 20.9177 )

[node name="West Trees 02" type="Spatial" parent="World/Env"]
transform = Transform( 0.707107, 0, -0.707107, 0, 1, 0, 0.707107, 0, 0.707107, -104.364, 2.7011, 5.64663 )

[node name="Tree09" parent="World/Env/West Trees 02" instance=ExtResource( 10 )]
transform = Transform( 0.707107, 0, -0.707107, 0, 1, 0, 0.707107, 0, 0.707107, -27.5205, -3.55983, -21.4908 )

[node name="Tree10" parent="World/Env/West Trees 02" instance=ExtResource( 10 )]
transform = Transform( 0.707107, 0, -0.707107, 0, 1, 0, 0.707107, 0, 0.707107, -22.9994, -3.55983, -3.61721 )

[node name="Tree11" parent="World/Env/West Trees 02" instance=ExtResource( 10 )]
transform = Transform( 0.707107, 0, -0.707107, 0, 1, 0, 0.707107, 0, 0.707107, -17.0312, -3.55983, -16.9621 )

[node name="Tree12" parent="World/Env/West Trees 02" instance=ExtResource( 10 )]
transform = Transform( 0.707107, 0, -0.707107, 0, 1, 0, 0.707107, 0, 0.707107, -12.5101, -3.55983, 0.911552 )

[node name="Tree13" parent="World/Env/West Trees 02" instance=ExtResource( 10 )]
transform = Transform( 0.707107, 0, -0.707107, 0, 1, 0, 0.707107, 0, 0.707107, -26.1317, -3.55983, 7.86643 )

[node name="Tree14" parent="World/Env/West Trees 02" instance=ExtResource( 10 )]
transform = Transform( 0.707107, 0, -0.707107, 0, 1, 0, 0.707107, 0, 0.707107, -21.6106, -3.55983, 25.74 )

[node name="Tree15" parent="World/Env/West Trees 02" instance=ExtResource( 10 )]
transform = Transform( 0.707107, 0, -0.707107, 0, 1, 0, 0.707107, 0, 0.707107, -15.6425, -3.55983, 12.3952 )

[node name="Tree16" parent="World/Env/West Trees 02" instance=ExtResource( 10 )]
transform = Transform( 0.707107, 0, -0.707107, 0, 1, 0, 0.707107, 0, 0.707107, -11.1214, -3.55983, 30.2688 )

[node name="Tree17" parent="World/Env/West Trees 02" instance=ExtResource( 10 )]
transform = Transform( 0.707107, 0, -0.707107, 0, 1, 0, 0.707107, 0, 0.707107, -5.78289, -3.55983, -26.4668 )

[node name="Tree18" parent="World/Env/West Trees 02" instance=ExtResource( 10 )]
transform = Transform( 0.707107, 0, -0.707107, 0, 1, 0, 0.707107, 0, 0.707107, -1.26178, -3.55983, -8.59329 )

[node name="Tree19" parent="World/Env/West Trees 02" instance=ExtResource( 10 )]
transform = Transform( 0.707107, 0, -0.707107, 0, 1, 0, 0.707107, 0, 0.707107, 4.70642, -3.55983, -21.9381 )

[node name="Tree20" parent="World/Env/West Trees 02" instance=ExtResource( 10 )]
transform = Transform( 0.707107, 0, -0.707107, 0, 1, 0, 0.707107, 0, 0.707107, 9.22752, -3.55983, -4.06453 )

[node name="Tree21" parent="World/Env/West Trees 02" instance=ExtResource( 10 )]
transform = Transform( 0.707107, 0, -0.707107, 0, 1, 0, 0.707107, 0, 0.707107, -4.39408, -3.55983, 2.89035 )

[node name="Tree22" parent="World/Env/West Trees 02" instance=ExtResource( 10 )]
transform = Transform( 0.707107, 0, -0.707107, 0, 1, 0, 0.707107, 0, 0.707107, 0.12701, -3.55983, 20.764 )

[node name="Tree23" parent="World/Env/West Trees 02" instance=ExtResource( 10 )]
transform = Transform( 0.707107, 0, -0.707107, 0, 1, 0, 0.707107, 0, 0.707107, 6.09512, -3.55983, 7.41915 )

[node name="Tree24" parent="World/Env/West Trees 02" instance=ExtResource( 10 )]
transform = Transform( 0.707107, 0, -0.707107, 0, 1, 0, 0.707107, 0, 0.707107, 10.6162, -3.55983, 25.2928 )

[node name="Tree25" parent="World/Env/West Trees 02" instance=ExtResource( 10 )]
transform = Transform( 0.988952, 0, 0.148241, 0, 1, 0, -0.148241, 0, 0.988952, 10.6162, -3.55983, 36.4755 )

[node name="West Trees 01" type="Spatial" parent="World/Env"]
transform = Transform( 0.707107, 0, -0.707107, 0, 1, 0, 0.707107, 0, 0.707107, -153.938, 2.7011, 57.9282 )

[node name="Tree09" parent="World/Env/West Trees 01" instance=ExtResource( 10 )]
transform = Transform( 0.707107, 0, -0.707107, 0, 1, 0, 0.707107, 0, 0.707107, -27.5205, -3.55983, -21.4908 )

[node name="Tree10" parent="World/Env/West Trees 01" instance=ExtResource( 10 )]
transform = Transform( 0.707107, 0, -0.707107, 0, 1, 0, 0.707107, 0, 0.707107, -22.9994, -3.55983, -3.61721 )

[node name="Tree11" parent="World/Env/West Trees 01" instance=ExtResource( 10 )]
transform = Transform( 0.707107, 0, -0.707107, 0, 1, 0, 0.707107, 0, 0.707107, -17.0312, -3.55983, -16.9621 )

[node name="Tree12" parent="World/Env/West Trees 01" instance=ExtResource( 10 )]
transform = Transform( 0.707107, 0, -0.707107, 0, 1, 0, 0.707107, 0, 0.707107, -12.5101, -3.55983, 0.911552 )

[node name="Tree13" parent="World/Env/West Trees 01" instance=ExtResource( 10 )]
transform = Transform( 0.707107, 0, -0.707107, 0, 1, 0, 0.707107, 0, 0.707107, -26.1317, -3.55983, 7.86643 )

[node name="Tree14" parent="World/Env/West Trees 01" instance=ExtResource( 10 )]
transform = Transform( 0.707107, 0, -0.707107, 0, 1, 0, 0.707107, 0, 0.707107, -21.6106, -3.55983, 25.74 )

[node name="Tree15" parent="World/Env/West Trees 01" instance=ExtResource( 10 )]
transform = Transform( 0.707107, 0, -0.707107, 0, 1, 0, 0.707107, 0, 0.707107, -15.6425, -3.55983, 12.3952 )

[node name="Tree16" parent="World/Env/West Trees 01" instance=ExtResource( 10 )]
transform = Transform( 0.707107, 0, -0.707107, 0, 1, 0, 0.707107, 0, 0.707107, -11.1214, -3.55983, 30.2688 )

[node name="Tree17" parent="World/Env/West Trees 01" instance=ExtResource( 10 )]
transform = Transform( 0.707107, 0, -0.707107, 0, 1, 0, 0.707107, 0, 0.707107, -5.78289, -3.55983, -26.4668 )

[node name="Tree18" parent="World/Env/West Trees 01" instance=ExtResource( 10 )]
transform = Transform( 0.707107, 0, -0.707107, 0, 1, 0, 0.707107, 0, 0.707107, -1.26178, -3.55983, -8.59329 )

[node name="Tree19" parent="World/Env/West Trees 01" instance=ExtResource( 10 )]
transform = Transform( 0.707107, 0, -0.707107, 0, 1, 0, 0.707107, 0, 0.707107, 4.70642, -3.55983, -21.9381 )

[node name="Tree20" parent="World/Env/West Trees 01" instance=ExtResource( 10 )]
transform = Transform( 0.707107, 0, -0.707107, 0, 1, 0, 0.707107, 0, 0.707107, 9.22752, -3.55983, -4.06453 )

[node name="Tree21" parent="World/Env/West Trees 01" instance=ExtResource( 10 )]
transform = Transform( 0.707107, 0, -0.707107, 0, 1, 0, 0.707107, 0, 0.707107, -4.39408, -3.55983, 2.89035 )

[node name="Tree22" parent="World/Env/West Trees 01" instance=ExtResource( 10 )]
