[gd_scene load_steps=14 format=2]

[ext_resource path="res://scenes/world/ground.tscn" type="PackedScene" id=1]
[ext_resource path="res://scenes/world/props/floating_crystal.tscn" type="PackedScene" id=2]
[ext_resource path="res://scripts/LevelHelper.cs" type="Script" id=3]
[ext_resource path="res://scenes/world/spawnpoint.tscn" type="PackedScene" id=4]
[ext_resource path="res://scenes/npcs/human.tscn" type="PackedScene" id=5]
[ext_resource path="res://scenes/world/test_cube_l.tscn" type="PackedScene" id=6]
[ext_resource path="res://scenes/world/floor.tscn" type="PackedScene" id=7]
[ext_resource path="res://audio/MX_Gameplay_LP1.wav" type="AudioStream" id=8]
[ext_resource path="res://scenes/world/wall.tscn" type="PackedScene" id=9]
[ext_resource path="res://art/3d/Tree01.tscn" type="PackedScene" id=10]

[sub_resource type="ProceduralSky" id=1]
sky_top_color = Color( 0, 0, 0, 1 )
sky_horizon_color = Color( 0, 0, 0, 1 )
ground_bottom_color = Color( 0, 0, 0, 1 )
ground_horizon_color = Color( 0, 0, 0, 1 )

[sub_resource type="Environment" id=2]
background_mode = 2
background_sky = SubResource( 1 )
ambient_light_color = Color( 0.0588235, 0.529412, 0.498039, 1 )
ambient_light_energy = 0.2
ambient_light_sky_contribution = 0.5
fog_enabled = true
fog_color = Color( 0.345098, 0.878431, 0.803922, 1 )
fog_sun_color = Color( 1, 1, 1, 1 )
fog_depth_begin = 30.0
fog_depth_end = 90.0
fog_depth_curve = 1.23115
tonemap_mode = 3
tonemap_white = 5.0

[sub_resource type="NavigationMesh" id=3]
vertices = PoolVector3Array( -51.25, 1.5, -20.5, -50, 1.5, -21, -50, 1.5, -29.5, -60, 1.5, -29.5, -89.5, 1.5, 0, -79.75, 1.5, 0, -79.5, 1.5, -1, -89.5, 1.5, -7.5, -77.5, 1.5, 0, -55, 1.5, 0, -55, 1.5, -4.75, -78, 1.5, -1, -79.75, 1.5, -29.5, -89.5, 1.5, -29.5, -89.5, 1.5, -22.25, -79.75, 1.5, -29.5, -89.5, 1.5, -22.25, -89.5, 1.5, -14.75, -89.5, 1.5, -7.5, -79.5, 1.5, -1, -78, 1.5, -1, -89.5, 1.5, -14.75, -51.25, 1.5, -19.5, -51.25, 1.5, -20.5, -60, 1.5, -29.5, -69.75, 1.5, -29.5, -50, 1.5, -5, -50, 1.5, -19, -51.25, 1.5, -19.5, -55, 1.5, -4.75, -69.75, 1.5, -29.5, -79.75, 1.5, -29.5, -89.5, 1.5, -14.75, -78, 1.5, -1, -55, 1.5, -4.75, -51.25, 1.5, -19.5, -1, 1.5, -20.75, 0, 1.5, -21, 0, 1.5, -29.5, -6.25, 1.5, -29.5, -50, 1.5, -29.5, -50, 1.5, -21, -49, 1.5, -20.75, -43.75, 1.5, -29.5, -1, 1.5, -19.25, -12.5, 1.5, -29.5, -18.75, 1.5, -29.5, -4, 1.5, -4, 0, 1.5, -4, -1, 1.5, -19.25, -18.75, 1.5, -29.5, -25, 1.5, -29.5, -1, 1.5, -19.25, -1, 1.5, -20.75, -6.25, 1.5, -29.5, -12.5, 1.5, -29.5, -43.75, 1.5, -29.5, -49, 1.5, -20.75, -49, 1.5, -19.25, -37.5, 1.5, -29.5, -49, 1.5, -19.25, -50, 1.5, -19, -50, 1.5, -5, -49, 1.5, -19.25, -50, 1.5, -5, -46, 1.5, -5, -25, 1.5, -29.5, -31.25, 1.5, -29.5, 0, 1.5, -4, 0, 1.5, -19, -1, 1.5, -19.25, -45.75, 1.5, -1.75, -4.25, 1.5, -1.75, -4, 1.5, -4, -25, 1.5, -29.5, -46, 1.5, -5, -31.25, 1.5, -29.5, -37.5, 1.5, -29.5, -49, 1.5, -19.25, 20.75, 1.5, -1, 21, 1.5, 0, 29.5, 1.5, 0, 29.5, 1.5, -7.5, 0, 1.5, -29.5, 0, 1.5, -21, 1, 1.5, -20.75, 7.25, 1.5, -29.5, 29.5, 1.5, -22.25, 29.5, 1.5, -29.5, 22, 1.5, -29.5, 1, 1.5, -19.25, 0, 1.5, -19, 0, 1.5, -4, 4.75, 1.5, -4, 29.5, 1.5, -14.75, 29.5, 1.5, -22.25, 14.75, 1.5, -29.5, 1, 1.5, -19.25, 4.75, 1.5, -4, 19.25, 1.5, -1, 7.25, 1.5, -29.5, 1, 1.5, -20.75, 1, 1.5, -19.25, 14.75, 1.5, -29.5, 19.25, 1.5, -1, 20.75, 1.5, -1, 29.5, 1.5, -7.5, 29.5, 1.5, -14.75, 5, 1.5, 0, 19, 1.5, 0, 19.25, 1.5, -1, 4.75, 1.5, -4, 29.5, 1.5, -22.25, 22, 1.5, -29.5, 14.75, 1.5, -29.5, -54, 6.5, -4, -54, 6.5, 3.25, -46.75, 6.5, 3.25, -46.75, 6.5, -4, -53.75, 1.5, -3.75, -53.75, 1.5, 3, -47, 1.5, 3, -47, 1.5, -3.75, -3.25, 6.5, -3, -3.25, 6.5, 4.25, 4, 6.5, 4.25, 4, 6.5, -3, -3, 1.5, -2.75, -3, 1.5, 4, 3.75, 1.5, 4, 3.75, 1.5, -2.75, -45.75, 1.5, -1.75, -45.75, 1.5, 3.75, -30, 1.5, 21.5, -21.75, 1.5, 21.5, -4.25, 1.5, 4.75, -4.25, 1.5, -1.75, -79.5, 1.5, 1, -79.75, 1.5, 0, -89.5, 1.5, 0, -89.5, 1.5, 11, -67.25, 1.5, 21.25, -77.5, 1.5, 0.25, -78, 1.5, 1, -78, 1.5, 1, -79.5, 1.5, 1, -89.5, 1.5, 11, -89.5, 1.5, 22.25, -67.25, 1.5, 22.5, -67.25, 1.5, 21.25, -67, 1.5, 20.75, -58.5, 1.5, 20.75, -55, 1.5, 3.75, -55, 1.5, 0, -77.5, 1.5, 0, -77.5, 1.5, 0.25, -77.5, 1.5, 0.25, -67.25, 1.5, 21.25, -67, 1.5, 20.75, 29.5, 1.5, 0, 21, 1.5, 0, 20.75, 1.5, 1, 29.5, 1.5, 10.75, 10, 1.5, 20.25, 10.25, 1.5, 22, 29.5, 1.5, 21.75, 29.5, 1.5, 10.75, 20.75, 1.5, 1, 19.25, 1.5, 1, 19.25, 1.5, 1, 19, 1.5, 0, 5, 1.5, 0, 19.25, 1.5, 1, 5, 1.5, 0, 5, 1.5, 5, 10, 1.5, 20.25, 29.5, 1.5, 21.75, 29.5, 1.5, 10.75, 5, 1.5, 5, 3, 1.5, 5.25, 3, 1.5, 20.25, 10, 1.5, 20.25, -58.5, 1.5, 20.75, -58, 1.5, 21.25, -54.5, 1.5, 4.25, -55, 1.5, 3.75, -54.5, 1.5, 4.25, -58, 1.5, 21.25, -58, 1.5, 23.75, -30.5, 1.5, 23.75, -30.5, 1.5, 21.75, -46, 1.5, 4.25, -30, 1.5, 21.5, -45.75, 1.5, 3.75, -46, 1.5, 4.25, -30.5, 1.5, 21.75, 1, 1.5, 20.5, 3, 1.5, 20.25, 3, 1.5, 5.25, -4, 1.5, 5.25, -21.25, 1.5, 21.75, -21.25, 1.5, 23.25, 1, 1.5, 23, 1, 1.5, 20.5, -4, 1.5, 5.25, -4.25, 1.5, 4.75, -21.75, 1.5, 21.5, -21.25, 1.5, 21.75, 1, 1.5, 23, 2, 6.5, 21.25, 2, 6.5, 28.5, 9.25, 6.5, 28.5, 9.25, 6.5, 21.25, 2.25, 1.5, 21.5, 2.25, 1.5, 28.25, 9, 1.5, 28.25, 9, 1.5, 21.5, -66.25, 6.5, 21.75, -66.25, 6.5, 29, -59, 6.5, 29, -59, 6.5, 21.75, 10.25, 1.5, 22, 10.25, 1.5, 27.75, 29.5, 1.5, 28, 29.5, 1.5, 21.75, -66, 1.5, 22, -66, 1.5, 28.75, -59.25, 1.5, 28.75, -59.25, 1.5, 22, -89.5, 1.5, 28.5, -67.25, 1.5, 28.25, -67.25, 1.5, 22.5, -89.5, 1.5, 22.25, -29.5, 6.5, 22.5, -29.5, 6.5, 29.75, -22.25, 6.5, 29.75, -22.25, 6.5, 22.5, -29.25, 1.5, 22.75, -29.25, 1.5, 29.5, -22.5, 1.5, 29.5, -22.5, 1.5, 22.75, -21.25, 1.5, 23.25, -21.25, 1.5, 28, 1, 1.5, 27.75, 1, 1.5, 23, -58, 1.5, 27.75, -30.5, 1.5, 27.75, -30.5, 1.5, 23.75, -58, 1.5, 23.75, -45, 1.5, 51, -44.75, 1.5, 51.5, -43.5, 1.5, 50.25, -53.5, 1.5, 51, -45, 1.5, 51, -43.5, 1.5, 50.25, -58, 1.5, 27.75, -58, 1.5, 29.5, -53.5, 1.5, 51, -43.5, 1.5, 50.25, -30.5, 1.5, 30.25, -30.5, 1.5, 27.75, -10.75, 1.5, 49.75, -8.25, 1.5, 52, -8, 1.5, 51.5, -10.75, 1.5, 49.75, -8, 1.5, 51.5, 0.5, 1.5, 51.5, 0.5, 1.5, 51.5, 1.5, 1.5, 29.5, 1, 1.5, 29.25, 1, 1.5, 29.25, 1, 1.5, 27.75, -21.25, 1.5, 28, -21.25, 1.5, 30.25, -10.75, 1.5, 49.75, 0.5, 1.5, 51.5, 20.75, 1.5, 54.25, 21, 1.5, 55.25, 29.5, 1.5, 55.25, 29.5, 1.5, 48.25, 0.5, 1.5, 51.5, 1, 1.5, 51.75, 19.25, 1.5, 54.25, 19.25, 1.5, 54.25, 20.75, 1.5, 54.25, 29.5, 1.5, 48.25, 29.5, 1.5, 41.5, 29.5, 1.5, 28, 10.25, 1.5, 27.75, 10, 1.5, 29.5, 29.5, 1.5, 34.75, 1, 1.5, 55.25, 19, 1.5, 55.25, 19.25, 1.5, 54.25, 1, 1.5, 51.75, 19.25, 1.5, 54.25, 29.5, 1.5, 41.5, 29.5, 1.5, 34.75, 10, 1.5, 29.5, 1.5, 1.5, 29.5, 0.5, 1.5, 51.5, -89.5, 1.5, 55.25, -79.75, 1.5, 55.25, -79.5, 1.5, 54.25, -89.5, 1.5, 48.5, -67.25, 1.5, 29.75, -67.25, 1.5, 28.25, -89.5, 1.5, 28.5, -89.5, 1.5, 35, -78, 1.5, 54.25, -77.5, 1.5, 55, -89.5, 1.5, 48.5, -79.5, 1.5, 54.25, -78, 1.5, 54.25, -89.5, 1.5, 41.75, -89.5, 1.5, 35, -89.5, 1.5, 41.75, -78, 1.5, 54.25, -58.5, 1.5, 30, -54, 1.5, 51.5, -53.5, 1.5, 51, -58, 1.5, 29.5, -77.5, 1.5, 55, -77.5, 1.5, 55.25, -54, 1.5, 55.25, -54, 1.5, 51.5, -58.5, 1.5, 30, -67.25, 1.5, 29.75, -43.5, 1.5, 50.25, -30, 1.5, 30.75, -30.5, 1.5, 30.25, -21.75, 1.5, 30.75, -10.75, 1.5, 49.75, -21.25, 1.5, 30.25, -43.5, 1.5, 50.25, -44.75, 1.5, 51.5, -44.75, 1.5, 53.75, -8.25, 1.5, 53.75, -8.25, 1.5, 52, -10.75, 1.5, 49.75, -10.75, 1.5, 49.75, -21.75, 1.5, 30.75, -30, 1.5, 30.75, -30, 1.5, 30.75, -43.5, 1.5, 50.25, -44.75, 1.5, 53.75, -8.25, 1.5, 53.75, -10.75, 1.5, 49.75, -53, 6.5, 52, -53, 6.5, 59.25, -45.75, 6.5, 59.25, -45.75, 6.5, 52, -52.75, 1.5, 52.25, -52.75, 1.5, 59, -46, 1.5, 59, -46, 1.5, 52.25, -7.25, 6.5, 52.5, -7.25, 6.5, 59.75, 0, 6.5, 59.75, 0, 6.5, 52.5, -7, 1.5, 52.75, -7, 1.5, 59.5, -0.25, 1.5, 59.5, -0.25, 1.5, 52.75, -44.75, 1.5, 58, -8.25, 1.5, 58, -8.25, 1.5, 53.75, -44.75, 1.5, 53.75, -49.25, 1.5, 89.5, -49.25, 1.5, 80, -50.25, 1.5, 79.75, -59.5, 1.5, 89.5, -79.5, 1.5, 56.25, -79.75, 1.5, 55.25, -89.5, 1.5, 55.25, -89.5, 1.5, 63.75, -89.5, 1.5, 72.25, -89.5, 1.5, 80.75, -79.5, 1.5, 89.5, -89.5, 1.5, 80.75, -89.5, 1.5, 89.5, -79.5, 1.5, 89.5, -54, 1.5, 60, -54, 1.5, 55.25, -77.5, 1.5, 55.25, -78, 1.5, 56.25, -78, 1.5, 56.25, -79.5, 1.5, 56.25, -89.5, 1.5, 63.75, -89.5, 1.5, 72.25, -59.5, 1.5, 89.5, -50.25, 1.5, 79.75, -50.25, 1.5, 78.25, -69.5, 1.5, 89.5, -50.25, 1.5, 78.25, -49.25, 1.5, 77.75, -49.25, 1.5, 60.25, -54, 1.5, 60, -89.5, 1.5, 72.25, -79.5, 1.5, 89.5, -69.5, 1.5, 89.5, -50.25, 1.5, 78.25, -54, 1.5, 60, -78, 1.5, 56.25, 29.5, 1.5, 55.25, 21, 1.5, 55.25, 20.75, 1.5, 56.25, 29.5, 1.5, 63.75, 1, 1.5, 79.75, 0, 1.5, 80, 0, 1.5, 89.5, 7.25, 1.5, 89.5, 22, 1.5, 89.5, 29.5, 1.5, 89.5, 29.5, 1.5, 80.75, 19.25, 1.5, 56.25, 19, 1.5, 55.25, 1, 1.5, 55.25, 1, 1.5, 60.5, 14.75, 1.5, 89.5, 29.5, 1.5, 80.75, 29.5, 1.5, 72.25, 19.25, 1.5, 56.25, 1, 1.5, 60.5, 1, 1.5, 78.25, 29.5, 1.5, 63.75, 20.75, 1.5, 56.25, 19.25, 1.5, 56.25, 29.5, 1.5, 72.25, 1, 1.5, 78.25, 1, 1.5, 79.75, 7.25, 1.5, 89.5, 14.75, 1.5, 89.5, 14.75, 1.5, 89.5, 22, 1.5, 89.5, 29.5, 1.5, 80.75, 1, 1.5, 60.5, 0, 1.5, 60.75, 0, 1.5, 77.75, 1, 1.5, 78.25, -48.25, 1.5, 79.75, -49.25, 1.5, 80, -49.25, 1.5, 89.5, -43.25, 1.5, 89.5, 0, 1.5, 89.5, 0, 1.5, 80, -1, 1.5, 79.75, -6.25, 1.5, 89.5, -48.25, 1.5, 78.25, -37, 1.5, 89.5, -31, 1.5, 89.5, -1, 1.5, 78.25, 0, 1.5, 60.75, -8, 1.5, 60.75, -24.75, 1.5, 89.5, -18.75, 1.5, 89.5, -48.25, 1.5, 78.25, -48.25, 1.5, 79.75, -43.25, 1.5, 89.5, -37, 1.5, 89.5, -6.25, 1.5, 89.5, -1, 1.5, 79.75, -1, 1.5, 78.25, -12.5, 1.5, 89.5, -18.75, 1.5, 89.5, -12.5, 1.5, 89.5, -1, 1.5, 78.25, -48.25, 1.5, 78.25, -31, 1.5, 89.5, -24.75, 1.5, 89.5, -45, 1.5, 60.25, -1, 1.5, 78.25, 0, 1.5, 77.75, 0, 1.5, 60.75, -45, 1.5, 60.25, -49.25, 1.5, 60.25, -49.25, 1.5, 77.75, -48.25, 1.5, 78.25, -24.75, 1.5, 89.5, -8, 1.5, 60.75, -8.25, 1.5, 58, -44.75, 1.5, 58, -45, 1.5, 60.25 )
polygons = [ PoolIntArray( 1, 0, 2 ), PoolIntArray( 2, 0, 3 ), PoolIntArray( 5, 4, 6 ), PoolIntArray( 6, 4, 7 ), PoolIntArray( 8, 11, 9 ), PoolIntArray( 9, 11, 10 ), PoolIntArray( 14, 13, 12 ), PoolIntArray( 17, 16, 15 ), PoolIntArray( 19, 18, 20 ), PoolIntArray( 20, 18, 21 ), PoolIntArray( 23, 22, 24 ), PoolIntArray( 24, 22, 25 ), PoolIntArray( 27, 26, 28 ), PoolIntArray( 28, 26, 29 ), PoolIntArray( 31, 30, 32 ), PoolIntArray( 32, 30, 33 ), PoolIntArray( 33, 30, 34 ), PoolIntArray( 34, 30, 35 ), PoolIntArray( 37, 36, 38 ), PoolIntArray( 38, 36, 39 ), PoolIntArray( 41, 40, 42 ), PoolIntArray( 42, 40, 43 ), PoolIntArray( 46, 45, 44 ), PoolIntArray( 48, 47, 49 ), PoolIntArray( 49, 47, 50 ), PoolIntArray( 50, 47, 51 ), PoolIntArray( 53, 52, 54 ), PoolIntArray( 54, 52, 55 ), PoolIntArray( 57, 56, 58 ), PoolIntArray( 58, 56, 59 ), PoolIntArray( 60, 62, 61 ), PoolIntArray( 64, 63, 65 ), PoolIntArray( 65, 63, 67 ), PoolIntArray( 65, 67, 66 ), PoolIntArray( 70, 69, 68 ), PoolIntArray( 73, 72, 74 ), PoolIntArray( 74, 72, 75 ), PoolIntArray( 75, 72, 71 ), PoolIntArray( 78, 77, 76 ), PoolIntArray( 80, 79, 81 ), PoolIntArray( 81, 79, 82 ), PoolIntArray( 84, 83, 85 ), PoolIntArray( 85, 83, 86 ), PoolIntArray( 89, 88, 87 ), PoolIntArray( 91, 90, 92 ), PoolIntArray( 92, 90, 93 ), PoolIntArray( 95, 94, 96 ), PoolIntArray( 96, 94, 99 ), PoolIntArray( 96, 99, 98 ), PoolIntArray( 96, 98, 97 ), PoolIntArray( 101, 100, 102 ), PoolIntArray( 102, 100, 103 ), PoolIntArray( 105, 104, 106 ), PoolIntArray( 106, 104, 107 ), PoolIntArray( 109, 108, 110 ), PoolIntArray( 110, 108, 111 ), PoolIntArray( 114, 113, 112 ), PoolIntArray( 118, 117, 115 ), PoolIntArray( 115, 117, 116 ), PoolIntArray( 122, 121, 119 ), PoolIntArray( 119, 121, 120 ), PoolIntArray( 126, 125, 123 ), PoolIntArray( 123, 125, 124 ), PoolIntArray( 130, 129, 127 ), PoolIntArray( 127, 129, 128 ), PoolIntArray( 132, 131, 133 ), PoolIntArray( 133, 131, 134 ), PoolIntArray( 134, 131, 135 ), PoolIntArray( 135, 131, 136 ), PoolIntArray( 138, 137, 139 ), PoolIntArray( 139, 137, 140 ), PoolIntArray( 141, 143, 142 ), PoolIntArray( 145, 144, 146 ), PoolIntArray( 146, 144, 147 ), PoolIntArray( 147, 144, 149 ), PoolIntArray( 147, 149, 148 ), PoolIntArray( 152, 151, 153 ), PoolIntArray( 153, 151, 150 ), PoolIntArray( 153, 150, 155 ), PoolIntArray( 153, 155, 154 ), PoolIntArray( 158, 157, 156 ), PoolIntArray( 160, 159, 161 ), PoolIntArray( 161, 159, 162 ), PoolIntArray( 165, 164, 163 ), PoolIntArray( 168, 167, 166 ), PoolIntArray( 169, 171, 170 ), PoolIntArray( 173, 172, 174 ), PoolIntArray( 174, 172, 175 ), PoolIntArray( 175, 172, 177 ), PoolIntArray( 175, 177, 176 ), PoolIntArray( 179, 178, 180 ), PoolIntArray( 180, 178, 181 ), PoolIntArray( 185, 184, 182 ), PoolIntArray( 182, 184, 183 ), PoolIntArray( 187, 186, 188 ), PoolIntArray( 188, 186, 191 ), PoolIntArray( 188, 191, 190 ), PoolIntArray( 188, 190, 189 ), PoolIntArray( 195, 194, 192 ), PoolIntArray( 192, 194, 193 ), PoolIntArray( 197, 196, 198 ), PoolIntArray( 198, 196, 199 ), PoolIntArray( 202, 201, 200 ), PoolIntArray( 204, 203, 205 ), PoolIntArray( 205, 203, 208 ), PoolIntArray( 205, 208, 207 ), PoolIntArray( 205, 207, 206 ), PoolIntArray( 212, 211, 209 ), PoolIntArray( 209, 211, 210 ), PoolIntArray( 216, 215, 213 ), PoolIntArray( 213, 215, 214 ), PoolIntArray( 220, 219, 217 ), PoolIntArray( 217, 219, 218 ), PoolIntArray( 221, 224, 222 ), PoolIntArray( 222, 224, 223 ), PoolIntArray( 228, 227, 225 ), PoolIntArray( 225, 227, 226 ), PoolIntArray( 230, 229, 231 ), PoolIntArray( 231, 229, 232 ), PoolIntArray( 236, 235, 233 ), PoolIntArray( 233, 235, 234 ), PoolIntArray( 240, 239, 237 ), PoolIntArray( 237, 239, 238 ), PoolIntArray( 244, 243, 241 ), PoolIntArray( 241, 243, 242 ), PoolIntArray( 248, 247, 245 ), PoolIntArray( 245, 247, 246 ), PoolIntArray( 249, 251, 250 ), PoolIntArray( 254, 253, 252 ), PoolIntArray( 256, 255, 257 ), PoolIntArray( 257, 255, 258 ), PoolIntArray( 258, 255, 259 ), PoolIntArray( 259, 255, 260 ), PoolIntArray( 263, 262, 261 ), PoolIntArray( 266, 265, 264 ), PoolIntArray( 269, 268, 267 ), PoolIntArray( 271, 270, 272 ), PoolIntArray( 272, 270, 273 ), PoolIntArray( 273, 270, 274 ), PoolIntArray( 274, 270, 275 ), PoolIntArray( 277, 276, 278 ), PoolIntArray( 278, 276, 279 ), PoolIntArray( 280, 282, 281 ), PoolIntArray( 284, 283, 285 ), PoolIntArray( 285, 283, 286 ), PoolIntArray( 288, 287, 289 ), PoolIntArray( 289, 287, 290 ), PoolIntArray( 292, 291, 293 ), PoolIntArray( 293, 291, 294 ), PoolIntArray( 296, 295, 297 ), PoolIntArray( 297, 295, 298 ), PoolIntArray( 298, 295, 299 ), PoolIntArray( 299, 295, 300 ), PoolIntArray( 302, 301, 303 ), PoolIntArray( 303, 301, 304 ), PoolIntArray( 306, 305, 307 ), PoolIntArray( 307, 305, 308 ), PoolIntArray( 308, 305, 309 ), PoolIntArray( 309, 305, 310 ), PoolIntArray( 312, 311, 313 ), PoolIntArray( 313, 311, 314 ), PoolIntArray( 317, 316, 315 ), PoolIntArray( 321, 320, 318 ), PoolIntArray( 318, 320, 319 ), PoolIntArray( 323, 322, 324 ), PoolIntArray( 324, 322, 325 ), PoolIntArray( 325, 322, 327 ), PoolIntArray( 325, 327, 326 ), PoolIntArray( 330, 329, 328 ), PoolIntArray( 333, 332, 331 ), PoolIntArray( 336, 335, 334 ), PoolIntArray( 339, 338, 337 ), PoolIntArray( 342, 341, 340 ), PoolIntArray( 344, 343, 345 ), PoolIntArray( 345, 343, 347 ), PoolIntArray( 345, 347, 346 ), PoolIntArray( 351, 350, 348 ), PoolIntArray( 348, 350, 349 ), PoolIntArray( 355, 354, 352 ), PoolIntArray( 352, 354, 353 ), PoolIntArray( 359, 358, 356 ), PoolIntArray( 356, 358, 357 ), PoolIntArray( 363, 362, 360 ), PoolIntArray( 360, 362, 361 ), PoolIntArray( 367, 366, 364 ), PoolIntArray( 364, 366, 365 ), PoolIntArray( 369, 368, 370 ), PoolIntArray( 370, 368, 371 ), PoolIntArray( 373, 372, 374 ), PoolIntArray( 374, 372, 375 ), PoolIntArray( 378, 377, 376 ), PoolIntArray( 381, 380, 379 ), PoolIntArray( 384, 383, 385 ), PoolIntArray( 385, 383, 382 ), PoolIntArray( 387, 386, 388 ), PoolIntArray( 388, 386, 389 ), PoolIntArray( 391, 390, 392 ), PoolIntArray( 392, 390, 393 ), PoolIntArray( 395, 394, 396 ), PoolIntArray( 396, 394, 397 ), PoolIntArray( 399, 398, 400 ), PoolIntArray( 400, 398, 403 ), PoolIntArray( 400, 403, 402 ), PoolIntArray( 400, 402, 401 ), PoolIntArray( 405, 404, 406 ), PoolIntArray( 406, 404, 407 ), PoolIntArray( 409, 408, 410 ), PoolIntArray( 410, 408, 411 ), PoolIntArray( 414, 413, 412 ), PoolIntArray( 416, 415, 417 ), PoolIntArray( 417, 415, 418 ), PoolIntArray( 420, 419, 421 ), PoolIntArray( 421, 419, 424 ), PoolIntArray( 421, 424, 422 ), PoolIntArray( 422, 424, 423 ), PoolIntArray( 426, 425, 427 ), PoolIntArray( 427, 425, 428 ), PoolIntArray( 430, 429, 431 ), PoolIntArray( 431, 429, 432 ), PoolIntArray( 434, 433, 435 ), PoolIntArray( 437, 436, 438 ), PoolIntArray( 438, 436, 439 ), PoolIntArray( 441, 440, 442 ), PoolIntArray( 442, 440, 443 ), PoolIntArray( 445, 444, 446 ), PoolIntArray( 446, 444, 447 ), PoolIntArray( 450, 449, 448 ), PoolIntArray( 452, 451, 453 ), PoolIntArray( 453, 451, 455 ), PoolIntArray( 453, 455, 454 ), PoolIntArray( 457, 456, 458 ), PoolIntArray( 458, 456, 459 ), PoolIntArray( 461, 460, 462 ), PoolIntArray( 462, 460, 463 ), PoolIntArray( 466, 465, 464 ), PoolIntArray( 468, 467, 469 ), PoolIntArray( 469, 467, 470 ), PoolIntArray( 473, 472, 471 ), PoolIntArray( 476, 475, 477 ), PoolIntArray( 477, 475, 474 ), PoolIntArray( 479, 478, 480 ), PoolIntArray( 480, 478, 482 ), PoolIntArray( 480, 482, 481 ) ]

[node name="Main" type="Spatial"]
script = ExtResource( 3 )
_enemiesToSpawn = 60
_enemySpawnTag = "human"
_humanScene = ExtResource( 5 )

[node name="WorldEnvironment" type="WorldEnvironment" parent="."]
environment = SubResource( 2 )

[node name="DirectionalLight" type="DirectionalLight" parent="."]
transform = Transform( 0.841204, -0.482065, 0.244928, 0.0590389, 0.532145, 0.844592, -0.537486, -0.696014, 0.476103, -21.6901, 10, -12.9998 )
light_color = Color( 0.515625, 0.605324, 1, 1 )
shadow_enabled = true

[node name="World" type="Spatial" parent="."]

[node name="NavigationMeshInstance" type="NavigationMeshInstance" parent="World"]
navmesh = SubResource( 3 )

[node name="Test Cube Large6" parent="World/NavigationMeshInstance" instance=ExtResource( 6 )]
transform = Transform( 4, 0, 0, 0, 4, 0, 0, 0, 4, 5.74192, 2, 24.8614 )

[node name="Ground" parent="World/NavigationMeshInstance" instance=ExtResource( 1 )]
transform = Transform( 60, 0, 0, 0, 1, 0, 0, 0, 60, -30, 0, 30 )

[node name="floating_crystal5" parent="World/NavigationMeshInstance" instance=ExtResource( 2 )]
transform = Transform( 1, 0, 0, 0, 1, 0, 0, 0, 1, -78.6654, 1.5, 55.2607 )

[node name="floating_crystal6" parent="World/NavigationMeshInstance" instance=ExtResource( 2 )]
transform = Transform( 1, 0, 0, 0, 1, 0, 0, 0, 1, 20, 1.5, 55.2607 )

[node name="Test Cube Large" parent="World/NavigationMeshInstance" instance=ExtResource( 6 )]
transform = Transform( 4, 0, 0, 0, 4, 0, 0, 0, 4, -3.57187, 2, 56.1412 )

[node name="Test Cube Large2" parent="World/NavigationMeshInstance" instance=ExtResource( 6 )]
transform = Transform( 4, 0, 0, 0, 4, 0, 0, 0, 4, 0.429062, 2, 0.690964 )

[node name="Test Cube Large3" parent="World/NavigationMeshInstance" instance=ExtResource( 6 )]
transform = Transform( 4, 0, 0, 0, 4, 0, 0, 0, 4, -49.4042, 2, 55.6898 )

[node name="Test Cube Large4" parent="World/NavigationMeshInstance" instance=ExtResource( 6 )]
transform = Transform( 4, 0, 0, 0, 4, 0, 0, 0, 4, -62.6874, 2, 25.4998 )

[node name="Test Cube Large5" parent="World/NavigationMeshInstance" instance=ExtResource( 6 )]
transform = Transform( 4, 0, 0, 0, 4, 0, 0, 0, 4, -50.4518, 2, -0.356627 )

[node name="floating_crystal1" parent="World/NavigationMeshInstance" instance=ExtResource( 2 )]
transform = Transform( 1, 0, 0, 0, 1, 0, 0, 0, 1, -78.6654, 1.5, 0 )

[node name="floating_crystal2" parent="World/NavigationMeshInstance" instance=ExtResource( 2 )]
transform = Transform( 1, 0, 0, 0, 1, 0, 0, 0, 1, -50.0228, 1.5, -20 )

[node name="floating_crystal3" parent="World/NavigationMeshInstance" instance=ExtResource( 2 )]
transform = Transform( 1, 0, 0, 0, 1, 0, 0, 0, 1, -49.237, 1.5, 78.9273 )

[node name="floating_crystal4" parent="World/NavigationMeshInstance" instance=ExtResource( 2 )]
transform = Transform( 1, 0, 0, 0, 1, 0, 0, 0, 1, 20, 1.5, 0 )

[node name="floating_crystal7" parent="World/NavigationMeshInstance" instance=ExtResource( 2 )]
transform = Transform( 1, 0, 0, 0, 1, 0, 0, 0, 1, 0, 1.5, -20 )

[node name="floating_crystal8" parent="World/NavigationMeshInstance" instance=ExtResource( 2 )]
transform = Transform( 1, 0, 0, 0, 1, 0, 0, 0, 1, 0, 1.5, 78.9273 )

[node name="Test Cube Large7" parent="World/NavigationMeshInstance" instance=ExtResource( 6 )]
transform = Transform( 4, 0, 0, 0, 4, 0, 0, 0, 4, -25.8287, 2, 26.0164 )

[node name="Border" type="Spatial" parent="World/NavigationMeshInstance"]

[node name="Wall2" parent="World/NavigationMeshInstance/Border" instance=ExtResource( 9 )]
transform = Transform( 60, 0, 0, 0, 10, 0, 0, 0, 1, -30, 10, 89.6241 )

[node name="Wall3" parent="World/NavigationMeshInstance/Border" instance=ExtResource( 9 )]
transform = Transform( -2.62268e-06, 0, 1, 0, 10, 0, -60, 0, -4.37114e-08, -83.443, 10, 30 )

[node name="Wall4" parent="World/NavigationMeshInstance/Border" instance=ExtResource( 9 )]
transform = Transform( -2.62268e-06, 0, 1, 0, 10, 0, -60, 0, -4.37114e-08, 30, 10, 30 )

[node name="Wall" parent="World/NavigationMeshInstance/Border" instance=ExtResource( 9 )]
transform = Transform( 60, 0, 0, 0, 10, 0, 0, 0, 1, -30, 10, -30 )

[node name="Tien\'s Test Junk" type="Spatial" parent="World"]

[node name="Floor Tile 01" parent="World/Tien\'s Test Junk" instance=ExtResource( 7 )]
transform = Transform( 1, 0, 0, 0, 1, 0, 0, 0, 1, -10, 1.1, -10 )

[node name="Floor Tile 02" parent="World/Tien\'s Test Junk" instance=ExtResource( 7 )]
transform = Transform( 1, 0, 0, 0, 1, 0, 0, 0, 1, -70, 1.1, -10 )

[node name="Floor Tile 03" parent="World/Tien\'s Test Junk" instance=ExtResource( 7 )]
transform = Transform( 1, 0, 0, 0, 1, 0, 0, 0, 1, -70, 1.1, 50 )

[node name="Floor Tile 04" parent="World/Tien\'s Test Junk" instance=ExtResource( 7 )]
transform = Transform( 1, 0, 0, 0, 1, 0, 0, 0, 1, -10, 1.1, 50 )

[node name="Floor Tile 05" parent="World/Tien\'s Test Junk" instance=ExtResource( 7 )]
transform = Transform( 1, 0, 0, 0, 1, 0, 0, 0, 1, -10.3813, 1.1, -69.61 )

[node name="Floor Tile 06" parent="World/Tien\'s Test Junk" instance=ExtResource( 7 )]
transform = Transform( 1, 0, 0, 0, 1, 0, 0, 0, 1, -70, 1.1, -70 )

[node name="Floor Tile 07" parent="World/Tien\'s Test Junk" instance=ExtResource( 7 )]
transform = Transform( 1, 0, 0, 0, 1, 0, 0, 0, 1, -10, 1.1, 110 )

[node name="Floor Tile 08" parent="World/Tien\'s Test Junk" instance=ExtResource( 7 )]
transform = Transform( 1, 0, 0, 0, 1, 0, 0, 0, 1, -70, 1.1, 110 )

[node name="Floor Tile 09" parent="World/Tien\'s Test Junk" instance=ExtResource( 7 )]
transform = Transform( 1, 0, 0, 0, 1, 0, 0, 0, 1, -130, 1.1, 110 )

[node name="Floor Tile 10" parent="World/Tien\'s Test Junk" instance=ExtResource( 7 )]
transform = Transform( 1, 0, 0, 0, 1, 0, 0, 0, 1, -130, 1.1, -10 )

[node name="Floor Tile 11" parent="World/Tien\'s Test Junk" instance=ExtResource( 7 )]
transform = Transform( 1, 0, 0, 0, 1, 0, 0, 0, 1, -130, 1.1, 50 )

[node name="Floor Tile 12" parent="World/Tien\'s Test Junk" instance=ExtResource( 7 )]
transform = Transform( 1, 0, 0, 0, 1, 0, 0, 0, 1, -130, 1.1, -70 )

[node name="Floor Tile 13" parent="World/Tien\'s Test Junk" instance=ExtResource( 7 )]
transform = Transform( 1, 0, 0, 0, 1, 0, 0, 0, 1, 49.3627, -22.2437, -10 )

[node name="Floor Tile 14" parent="World/Tien\'s Test Junk" instance=ExtResource( 7 )]
transform = Transform( 1, 0, 0, 0, 1, 0, 0, 0, 1, 49.3627, -22.2437, 50 )

[node name="Tree01" parent="World/Tien\'s Test Junk" instance=ExtResource( 10 )]
transform = Transform( 0.707107, 0, -0.707107, 0, 1, 0, 0.707107, 0, 0.707107, 9.63085, 0, -88.0464 )

[node name="Tree02" parent="World/Tien\'s Test Junk" instance=ExtResource( 10 )]
transform = Transform( 0.707107, 0, -0.707107, 0, 1, 0, 0.707107, 0, 0.707107, 14.1519, 0, -70.1728 )

[node name="Tree03" parent="World/Tien\'s Test Junk" instance=ExtResource( 10 )]
transform = Transform( 0.707107, 0, -0.707107, 0, 1, 0, 0.707107, 0, 0.707107, 20.1201, 0, -83.5177 )

[node name="Tree04" parent="World/Tien\'s Test Junk" instance=ExtResource( 10 )]
transform = Transform( 0.707107, 0, -0.707107, 0, 1, 0, 0.707107, 0, 0.707107, 24.6412, 0, -65.6441 )

[node name="Tree05" parent="World/Tien\'s Test Junk" instance=ExtResource( 10 )]
transform = Transform( 0.707107, 0, -0.707107, 0, 1, 0, 0.707107, 0, 0.707107, 11.0196, -3.8147e-06, -58.6892 )

[node name="Tree06" parent="World/Tien\'s Test Junk" instance=ExtResource( 10 )]
transform = Transform( 0.707107, 0, -0.707107, 0, 1, 0, 0.707107, 0, 0.707107, 15.5407, -3.8147e-06, -40.8156 )

[node name="Tree07" parent="World/Tien\'s Test Junk" instance=ExtResource( 10 )]
transform = Transform( 0.707107, 0, -0.707107, 0, 1, 0, 0.707107, 0, 0.707107, 21.5088, -3.8147e-06, -54.1604 )

[node name="Tree08" parent="World/Tien\'s Test Junk" instance=ExtResource( 10 )]
transform = Transform( 0.707107, 0, -0.707107, 0, 1, 0, 0.707107, 0, 0.707107, 26.0299, -3.8147e-06, -36.2868 )

[node name="Tree17" parent="World/Tien\'s Test Junk" instance=ExtResource( 10 )]
transform = Transform( 0.896657, 0, -0.442727, 0, 1, 0, 0.442727, 0, 0.896657, 8.49907, -7.62939e-06, -28.938 )

[node name="Tree18" parent="World/Tien\'s Test Junk" instance=ExtResource( 10 )]
transform = Transform( 0.896657, 0, -0.442727, 0, 1, 0, 0.442727, 0, 0.896657, -6.21649, -7.62939e-06, -31.0044 )

[node name="Tree19" parent="World/Tien\'s Test Junk" instance=ExtResource( 10 )]
transform = Transform( 0.896657, 0, -0.442727, 0, 1, 0, 0.442727, 0, 0.896657, -8.06806, 0, -79.9801 )

[node name="Tree20" parent="World/Tien\'s Test Junk" instance=ExtResource( 10 )]
transform = Transform( 0.896657, 0, -0.442727, 0, 1, 0, 0.442727, 0, 0.896657, 1.95082, 0, -64.5034 )

[node name="Tree21" parent="World/Tien\'s Test Junk" instance=ExtResource( 10 )]
transform = Transform( 0.896657, 0, -0.442727, 0, 1, 0, 0.442727, 0, 0.896657, -8.71766, -3.8147e-06, -53.5443 )

[node name="Tree22" parent="World/Tien\'s Test Junk" instance=ExtResource( 10 )]
transform = Transform( 0.896657, 0, -0.442727, 0, 1, 0, 0.442727, 0, 0.896657, 1.30122, -3.8147e-06, -38.0676 )

[node name="Tree23" parent="World/Tien\'s Test Junk" instance=ExtResource( 10 )]
transform = Transform( 0.896657, 0, -0.442727, 0, 1, 0, 0.442727, 0, 0.896657, 2.67016, -3.8147e-06, -52.6219 )

[node name="Tree24" parent="World/Tien\'s Test Junk" instance=ExtResource( 10 )]
transform = Transform( 0.896657, 0, -0.442727, 0, 1, 0, 0.442727, 0, 0.896657, 12.689, -3.8147e-06, -37.1452 )

[node name="Tree25" parent="World/Tien\'s Test Junk" instance=ExtResource( 10 )]
transform = Transform( -0.882718, 0, -0.469903, 0, 1, 0, 0.469903, 0, -0.882718, -14.9834, 7.62939e-06, -37.5722 )

[node name="Tree26" parent="World/Tien\'s Test Junk" instance=ExtResource( 10 )]
transform = Transform( -0.882718, 0, -0.469903, 0, 1, 0, 0.469903, 0, -0.882718, -33.3982, 7.62939e-06, -38.4654 )

[node name="Tree27" parent="World/Tien\'s Test Junk" instance=ExtResource( 10 )]
transform = Transform( -0.882718, 0, -0.469903, 0, 1, 0, 0.469903, 0, -0.882718, -22.3767, 7.62939e-06, -28.8617 )

[node name="Tree28" parent="World/Tien\'s Test Junk" instance=ExtResource( 10 )]
transform = Transform( -0.882718, 0, -0.469903, 0, 1, 0, 0.469903, 0, -0.882718, -40.7916, 7.62939e-06, -29.7549 )

[node name="Tree29" parent="World/Tien\'s Test Junk" instance=ExtResource( 10 )]
transform = Transform( -0.882718, 0, -0.469903, 0, 1, 0, 0.469903, 0, -0.882718, -43.4674, 3.81469e-06, -44.8134 )

[node name="Tree30" parent="World/Tien\'s Test Junk" instance=ExtResource( 10 )]
transform = Transform( -0.882718, 0, -0.469903, 0, 1, 0, 0.469903, 0, -0.882718, -61.8823, 3.81469e-06, -45.7065 )

[node name="Tree31" parent="World/Tien\'s Test Junk" instance=ExtResource( 10 )]
transform = Transform( -0.882718, 0, -0.469903, 0, 1, 0, 0.469903, 0, -0.882718, -50.8608, 3.81469e-06, -36.103 )

[node name="Tree32" parent="World/Tien\'s Test Junk" instance=ExtResource( 10 )]
transform = Transform( -0.882718, 0, -0.469903, 0, 1, 0, 0.469903, 0, -0.882718, -69.2757, 3.81469e-06, -36.9962 )

[node name="Floor Tile 15" parent="World/Tien\'s Test Junk" instance=ExtResource( 7 )]
transform = Transform( 1, 0, 0, 0, 1, 0, 0, 0, 1, 49.363, -22.244, 110 )

[node name="Floor Tile 16" parent="World/Tien\'s Test Junk" instance=ExtResource( 7 )]
transform = Transform( 1, 0, 0, 0, 1, 0, 0, 0, 1, 50, -22.244, -70 )

[node name="West Trees 02" type="Spatial" parent="World/Tien\'s Test Junk"]
transform = Transform( 1, 0, 0, 0, 1, 0, 0, 0, 1, -105.022, 2.7011, 53.6893 )

[node name="Tree09" parent="World/Tien\'s Test Junk/West Trees 02" instance=ExtResource( 10 )]
transform = Transform( 0.707107, 0, -0.707107, 0, 1, 0, 0.707107, 0, 0.707107, -27.5205, -3.55983, -21.4908 )

[node name="Tree10" parent="World/Tien\'s Test Junk/West Trees 02" instance=ExtResource( 10 )]
transform = Transform( 0.707107, 0, -0.707107, 0, 1, 0, 0.707107, 0, 0.707107, -22.9994, -3.55983, -3.61721 )

[node name="Tree11" parent="World/Tien\'s Test Junk/West Trees 02" instance=ExtResource( 10 )]
transform = Transform( 0.707107, 0, -0.707107, 0, 1, 0, 0.707107, 0, 0.707107, -17.0312, -3.55983, -16.9621 )

[node name="Tree12" parent="World/Tien\'s Test Junk/West Trees 02" instance=ExtResource( 10 )]
transform = Transform( 0.707107, 0, -0.707107, 0, 1, 0, 0.707107, 0, 0.707107, -12.5101, -3.55983, 0.911552 )

[node name="Tree13" parent="World/Tien\'s Test Junk/West Trees 02" instance=ExtResource( 10 )]
transform = Transform( 0.707107, 0, -0.707107, 0, 1, 0, 0.707107, 0, 0.707107, -26.1317, -3.55983, 7.86643 )

[node name="Tree14" parent="World/Tien\'s Test Junk/West Trees 02" instance=ExtResource( 10 )]
transform = Transform( 0.707107, 0, -0.707107, 0, 1, 0, 0.707107, 0, 0.707107, -21.6106, -3.55983, 25.74 )

[node name="Tree15" parent="World/Tien\'s Test Junk/West Trees 02" instance=ExtResource( 10 )]
transform = Transform( 0.707107, 0, -0.707107, 0, 1, 0, 0.707107, 0, 0.707107, -15.6425, -3.55983, 12.3952 )

[node name="Tree16" parent="World/Tien\'s Test Junk/West Trees 02" instance=ExtResource( 10 )]
transform = Transform( 0.707107, 0, -0.707107, 0, 1, 0, 0.707107, 0, 0.707107, -11.1214, -3.55983, 30.2688 )

[node name="Tree17" parent="World/Tien\'s Test Junk/West Trees 02" instance=ExtResource( 10 )]
transform = Transform( 0.707107, 0, -0.707107, 0, 1, 0, 0.707107, 0, 0.707107, -5.78289, -3.55983, -26.4668 )

[node name="Tree18" parent="World/Tien\'s Test Junk/West Trees 02" instance=ExtResource( 10 )]
transform = Transform( 0.707107, 0, -0.707107, 0, 1, 0, 0.707107, 0, 0.707107, -1.26178, -3.55983, -8.59329 )

[node name="Tree19" parent="World/Tien\'s Test Junk/West Trees 02" instance=ExtResource( 10 )]
transform = Transform( 0.707107, 0, -0.707107, 0, 1, 0, 0.707107, 0, 0.707107, 4.70642, -3.55983, -21.9381 )

[node name="Tree20" parent="World/Tien\'s Test Junk/West Trees 02" instance=ExtResource( 10 )]
transform = Transform( 0.707107, 0, -0.707107, 0, 1, 0, 0.707107, 0, 0.707107, 9.22752, -3.55983, -4.06453 )

[node name="Tree21" parent="World/Tien\'s Test Junk/West Trees 02" instance=ExtResource( 10 )]
transform = Transform( 0.707107, 0, -0.707107, 0, 1, 0, 0.707107, 0, 0.707107, -4.39408, -3.55983, 2.89035 )

[node name="Tree22" parent="World/Tien\'s Test Junk/West Trees 02" instance=ExtResource( 10 )]
transform = Transform( 0.707107, 0, -0.707107, 0, 1, 0, 0.707107, 0, 0.707107, 0.12701, -3.55983, 20.764 )

[node name="Tree23" parent="World/Tien\'s Test Junk/West Trees 02" instance=ExtResource( 10 )]
transform = Transform( 0.707107, 0, -0.707107, 0, 1, 0, 0.707107, 0, 0.707107, 6.09512, -3.55983, 7.41915 )

[node name="Tree24" parent="World/Tien\'s Test Junk/West Trees 02" instance=ExtResource( 10 )]
transform = Transform( 0.707107, 0, -0.707107, 0, 1, 0, 0.707107, 0, 0.707107, 10.6162, -3.55983, 25.2928 )

[node name="Tree25" parent="World/Tien\'s Test Junk/West Trees 02" instance=ExtResource( 10 )]
transform = Transform( 0.988952, 0, 0.148241, 0, 1, 0, -0.148241, 0, 0.988952, 10.6162, -3.55983, 36.4755 )

[node name="West Trees 01" type="Spatial" parent="World/Tien\'s Test Junk"]
transform = Transform( 1, 0, 0, 0, 1, 0, 0, 0, 1, -101.617, 2.7011, -15.4521 )

[node name="Tree09" parent="World/Tien\'s Test Junk/West Trees 01" instance=ExtResource( 10 )]
transform = Transform( 0.707107, 0, -0.707107, 0, 1, 0, 0.707107, 0, 0.707107, -27.5205, -3.55983, -21.4908 )

[node name="Tree10" parent="World/Tien\'s Test Junk/West Trees 01" instance=ExtResource( 10 )]
transform = Transform( 0.707107, 0, -0.707107, 0, 1, 0, 0.707107, 0, 0.707107, -22.9994, -3.55983, -3.61721 )

[node name="Tree11" parent="World/Tien\'s Test Junk/West Trees 01" instance=ExtResource( 10 )]
transform = Transform( 0.707107, 0, -0.707107, 0, 1, 0, 0.707107, 0, 0.707107, -17.0312, -3.55983, -16.9621 )

[node name="Tree12" parent="World/Tien\'s Test Junk/West Trees 01" instance=ExtResource( 10 )]
transform = Transform( 0.707107, 0, -0.707107, 0, 1, 0, 0.707107, 0, 0.707107, -12.5101, -3.55983, 0.911552 )

[node name="Tree13" parent="World/Tien\'s Test Junk/West Trees 01" instance=ExtResource( 10 )]
transform = Transform( 0.707107, 0, -0.707107, 0, 1, 0, 0.707107, 0, 0.707107, -26.1317, -3.55983, 7.86643 )

[node name="Tree14" parent="World/Tien\'s Test Junk/West Trees 01" instance=ExtResource( 10 )]
transform = Transform( 0.707107, 0, -0.707107, 0, 1, 0, 0.707107, 0, 0.707107, -21.6106, -3.55983, 25.74 )

[node name="Tree15" parent="World/Tien\'s Test Junk/West Trees 01" instance=ExtResource( 10 )]
transform = Transform( 0.707107, 0, -0.707107, 0, 1, 0, 0.707107, 0, 0.707107, -15.6425, -3.55983, 12.3952 )

[node name="Tree16" parent="World/Tien\'s Test Junk/West Trees 01" instance=ExtResource( 10 )]
transform = Transform( 0.707107, 0, -0.707107, 0, 1, 0, 0.707107, 0, 0.707107, -11.1214, -3.55983, 30.2688 )

[node name="Tree17" parent="World/Tien\'s Test Junk/West Trees 01" instance=ExtResource( 10 )]
transform = Transform( 0.707107, 0, -0.707107, 0, 1, 0, 0.707107, 0, 0.707107, -5.78289, -3.55983, -26.4668 )

[node name="Tree18" parent="World/Tien\'s Test Junk/West Trees 01" instance=ExtResource( 10 )]
transform = Transform( 0.707107, 0, -0.707107, 0, 1, 0, 0.707107, 0, 0.707107, -1.26178, -3.55983, -8.59329 )

[node name="Tree19" parent="World/Tien\'s Test Junk/West Trees 01" instance=ExtResource( 10 )]
transform = Transform( 0.707107, 0, -0.707107, 0, 1, 0, 0.707107, 0, 0.707107, 4.70642, -3.55983, -21.9381 )

[node name="Tree20" parent="World/Tien\'s Test Junk/West Trees 01" instance=ExtResource( 10 )]
transform = Transform( 0.707107, 0, -0.707107, 0, 1, 0, 0.707107, 0, 0.707107, 9.22752, -3.55983, -4.06453 )

[node name="Tree21" parent="World/Tien\'s Test Junk/West Trees 01" instance=ExtResource( 10 )]
transform = Transform( 0.707107, 0, -0.707107, 0, 1, 0, 0.707107, 0, 0.707107, -4.39408, -3.55983, 2.89035 )

[node name="Tree22" parent="World/Tien\'s Test Junk/West Trees 01" instance=ExtResource( 10 )]
transform = Transform( 0.707107, 0, -0.707107, 0, 1, 0, 0.707107, 0, 0.707107, 0.12701, -3.55983, 20.764 )

[node name="Tree23" parent="World/Tien\'s Test Junk/West Trees 01" instance=ExtResource( 10 )]
transform = Transform( 0.707107, 0, -0.707107, 0, 1, 0, 0.707107, 0, 0.707107, 6.09512, -3.55983, 7.41915 )

[node name="Tree24" parent="World/Tien\'s Test Junk/West Trees 01" instance=ExtResource( 10 )]
transform = Transform( 0.707107, 0, -0.707107, 0, 1, 0, 0.707107, 0, 0.707107, 10.6162, -3.55983, 25.2928 )

[node name="Tree25" parent="World/Tien\'s Test Junk/West Trees 01" instance=ExtResource( 10 )]
transform = Transform( 0.900774, 0, -0.434288, 0, 1, 0, 0.434288, 0, 0.900774, 7.66373, -3.55983, 37.977 )

[node name="Sout West Trees" type="Spatial" parent="World/Tien\'s Test Junk"]
transform = Transform( 1, 0, 0, 0, 1, 0, 0, 0, 1, -101.879, 4.42186, 121.521 )

[node name="Tree09" parent="World/Tien\'s Test Junk/Sout West Trees" instance=ExtResource( 10 )]
transform = Transform( 0.707107, 0, -0.707107, 0, 1, 0, 0.707107, 0, 0.707107, -27.5205, -3.55983, -21.4908 )

[node name="Tree10" parent="World/Tien\'s Test Junk/Sout West Trees" instance=ExtResource( 10 )]
transform = Transform( 0.707107, 0, -0.707107, 0, 1, 0, 0.707107, 0, 0.707107, -22.9994, -3.55983, -3.61721 )

[node name="Tree11" parent="World/Tien\'s Test Junk/Sout West Trees" instance=ExtResource( 10 )]
transform = Transform( 0.707107, 0, -0.707107, 0, 1, 0, 0.707107, 0, 0.707107, -17.0312, -3.55983, -16.9621 )

[node name="Tree12" parent="World/Tien\'s Test Junk/Sout West Trees" instance=ExtResource( 10 )]
transform = Transform( 0.707107, 0, -0.707107, 0, 1, 0, 0.707107, 0, 0.707107, -12.5101, -3.55983, 0.911552 )

[node name="Tree13" parent="World/Tien\'s Test Junk/Sout West Trees" instance=ExtResource( 10 )]
transform = Transform( 0.707107, 0, -0.707107, 0, 1, 0, 0.707107, 0, 0.707107, -26.1317, -3.55983, 7.86643 )

[node name="Tree14" parent="World/Tien\'s Test Junk/Sout West Trees" instance=ExtResource( 10 )]
transform = Transform( 0.707107, 0, -0.707107, 0, 1, 0, 0.707107, 0, 0.707107, -21.6106, -3.55983, 25.74 )

[node name="Tree15" parent="World/Tien\'s Test Junk/Sout West Trees" instance=ExtResource( 10 )]
transform = Transform( 0.707107, 0, -0.707107, 0, 1, 0, 0.707107, 0, 0.707107, -15.6425, -3.55983, 12.3952 )

[node name="Tree16" parent="World/Tien\'s Test Junk/Sout West Trees" instance=ExtResource( 10 )]
transform = Transform( 0.707107, 0, -0.707107, 0, 1, 0, 0.707107, 0, 0.707107, -11.1214, -3.55983, 30.2688 )

[node name="Tree17" parent="World/Tien\'s Test Junk/Sout West Trees" instance=ExtResource( 10 )]
transform = Transform( 0.707107, 0, -0.707107, 0, 1, 0, 0.707107, 0, 0.707107, -5.78289, -3.55983, -26.4668 )

[node name="Tree18" parent="World/Tien\'s Test Junk/Sout West Trees" instance=ExtResource( 10 )]
transform = Transform( 0.707107, 0, -0.707107, 0, 1, 0, 0.707107, 0, 0.707107, -1.26178, -3.55983, -8.59329 )

[node name="Tree19" parent="World/Tien\'s Test Junk/Sout West Trees" instance=ExtResource( 10 )]
transform = Transform( 0.707107, 0, -0.707107, 0, 1, 0, 0.707107, 0, 0.707107, 4.70642, -3.55983, -21.9381 )

[node name="Tree20" parent="World/Tien\'s Test Junk/Sout West Trees" instance=ExtResource( 10 )]
transform = Transform( 0.707107, 0, -0.707107, 0, 1, 0, 0.707107, 0, 0.707107, 9.22752, -3.55983, -4.06453 )

[node name="Tree21" parent="World/Tien\'s Test Junk/Sout West Trees" instance=ExtResource( 10 )]
transform = Transform( 0.707107, 0, -0.707107, 0, 1, 0, 0.707107, 0, 0.707107, -4.39408, -3.55983, 2.89035 )

[node name="Tree22" parent="World/Tien\'s Test Junk/Sout West Trees" instance=ExtResource( 10 )]
transform = Transform( 0.707107, 0, -0.707107, 0, 1, 0, 0.707107, 0, 0.707107, 0.12701, -3.55983, 20.764 )

[node name="Tree23" parent="World/Tien\'s Test Junk/Sout West Trees" instance=ExtResource( 10 )]
transform = Transform( 0.707107, 0, -0.707107, 0, 1, 0, 0.707107, 0, 0.707107, 6.09512, -3.55983, 7.41915 )

[node name="Tree24" parent="World/Tien\'s Test Junk/Sout West Trees" instance=ExtResource( 10 )]
transform = Transform( 0.707107, 0, -0.707107, 0, 1, 0, 0.707107, 0, 0.707107, 10.6162, -3.55983, 25.2928 )

[node name="South Trees 01" type="Spatial" parent="World/Tien\'s Test Junk"]
transform = Transform( -0.0162658, 0, -0.999868, 0, 1, 0, 0.999868, 0, -0.0162658, -64.6613, 2.7011, 125.701 )

[node name="Tree09" parent="World/Tien\'s Test Junk/South Trees 01" instance=ExtResource( 10 )]
transform = Transform( 0.707107, 0, -0.707107, 0, 1, 0, 0.707107, 0, 0.707107, -27.5205, -3.55983, -21.4908 )

[node name="Tree10" parent="World/Tien\'s Test Junk/South Trees 01" instance=ExtResource( 10 )]
transform = Transform( 0.707107, 0, -0.707107, 0, 1, 0, 0.707107, 0, 0.707107, -22.9994, -3.55983, -3.61721 )

[node name="Tree11" parent="World/Tien\'s Test Junk/South Trees 01" instance=ExtResource( 10 )]
transform = Transform( 0.707107, 0, -0.707107, 0, 1, 0, 0.707107, 0, 0.707107, -17.0312, -3.55983, -16.9621 )

